19
147
153
187
232
243
249
256
261
267
271
286
295
303
325
339
349
350
359
388
433
446
447
448
458
474
475
476
489
490
517
527
540
554
555
556
576
577
621
622
623
624
664
665
666
667
680
681
719
720
721
740
761
762
787
788
789
790
791
792
821
822
823
824
825
826
851
852
853
854
885
886
936
937
938
939
978
979
980
981
1030
1031
1032
1033
1083
1084
1085
1086
1087
1088
1089
1090
1091
1133
1134
1135
1136
1137
1138
1139
1140
1141
1198
1199
1254
1255
1256
1257
1258
1259
1260
1261
1262
1320
1321
1322
1323
1324
1325
1326
1401
1402
1403
1404
1405
1406
1407
1477
1478
1479
1480
1481
1482
1483
1484
1485
1486
1487
1488
1489
1490
1491
1492
1579
1580
1581
1582
1583
1584
1699
1700
1701
1702
1703
1704
1705
1706
1707
1708
1832
1833
1834
1835
1836
1837
1838
1839
1840
1841
1842
1843
1844
1845
1846
1962
1963
1964
1965
1966
1967
1968
1969
1970
1971
1972
1973
1974
1975
1976
1977
1978
1979
2109
2110
2111
2112
2113
2114
2115
2116
2117
2118
2119
2120
2121
2122
2123
2124
2125
2126
2127
2284
2412
2418
2452
2497
2508
2514
2521
2526
2532
2536
2551
2560
2568
2590
2604
2614
2615
2624
2653
2698
2711
2712
2713
2723
2739
2740
2741
2754
2755
2782
2792
2805
2819
2820
2821
2841
2842
2886
2887
2888
2889
2929
2930
2931
2932
2945
2946
2984
2985
2986
3005
3026
3027
3052
3053
3054
3055
3056
3057
3086
3087
3088
3089
3090
3091
3116
3117
3118
3119
3150
3151
3201
3202
3203
3204
3243
3244
3245
3246
3295
3296
3297
3298
3348
3349
3350
3351
3352
3353
3354
3355
3356
3398
3399
3400
3401
3402
3403
3404
3405
3406
3463
3464
3519
3520
3521
3522
3523
3524
3525
3526
3527
3585
3586
3587
3588
3589
3590
3591
3666
3667
3668
3669
3670
3671
3672
3742
3743
3744
3745
3746
3747
3748
3749
3750
3751
3752
3753
3754
3755
3756
3757
3844
3845
3846
3847
3848
3849
3964
3965
3966
3967
3968
3969
3970
3971
3972
3973
4097
4098
4099
4100
4101
4102
4103
4104
4105
4106
4107
4108
4109
4110
4111
4227
4228
4229
4230
4231
4232
4233
4234
4235
4236
4237
4238
4239
4240
4241
4242
4243
4244
4374
4375
4376
4377
4378
4379
4380
4381
4382
4383
4384
4385
4386
4387
4388
4389
4390
4391
4392
4549
4677
4683
4717
4762
4773
4779
4786
4791
4797
4801
4816
4825
4833
4855
4869
4879
4880
4889
4918
4963
4976
4977
4978
4988
5004
5005
5006
5019
5020
5047
5057
5070
5084
5085
5086
5106
5107
5151
5152
5153
5154
5194
5195
5196
5197
5210
5211
5249
5250
5251
5270
5291
5292
5317
5318
5319
5320
5321
5322
5351
5352
5353
5354
5355
5356
5381
5382
5383
5384
5415
5416
5466
5467
5468
5469
5508
5509
5510
5511
5560
5561
5562
5563
5613
5614
5615
5616
5617
5618
5619
5620
5621
5663
5664
5665
5666
5667
5668
5669
5670
5671
5728
5729
5784
5785
5786
5787
5788
5789
5790
5791
5792
5850
5851
5852
5853
5854
5855
5856
5931
5932
5933
5934
5935
5936
5937
6007
6008
6009
6010
6011
6012
6013
6014
6015
6016
6017
6018
6019
6020
6021
6022
6109
6110
6111
6112
6113
6114
6229
6230
6231
6232
6233
6234
6235
6236
6237
6238
6362
6363
6364
6365
6366
6367
6368
6369
6370
6371
6372
6373
6374
6375
6376
6492
6493
6494
6495
6496
6497
6498
6499
6500
6501
6502
6503
6504
6505
6506
6507
6508
6509
6639
6640
6641
6642
6643
6644
6645
6646
6647
6648
6649
6650
6651
6652
6653
6654
6655
6656
6657
6814
6942
6948
6982
7027
7038
7044
7051
7056
7062
7066
7081
7090
7098
7120
7134
7144
7145
7154
7183
7228
7241
7242
7243
7253
7269
7270
7271
7284
7285
7312
7322
7335
7349
7350
7351
7371
7372
7416
7417
7418
7419
7459
7460
7461
7462
7475
7476
7514
7515
7516
7535
7556
7557
7582
7583
7584
7585
7586
7587
7616
7617
7618
7619
7620
7621
7646
7647
7648
7649
7680
7681
7731
7732
7733
7734
7773
7774
7775
7776
7825
7826
7827
7828
7878
7879
7880
7881
7882
7883
7884
7885
7886
7928
7929
7930
7931
7932
7933
7934
7935
7936
7993
7994
8049
8050
8051
8052
8053
8054
8055
8056
8057
8115
8116
8117
8118
8119
8120
8121
8196
8197
8198
8199
8200
8201
8202
8272
8273
8274
8275
8276
8277
8278
8279
8280
8281
8282
8283
8284
8285
8286
8287
8374
8375
8376
8377
8378
8379
8494
8495
8496
8497
8498
8499
8500
8501
8502
8503
8627
8628
8629
8630
8631
8632
8633
8634
8635
8636
8637
8638
8639
8640
8641
8757
8758
8759
8760
8761
8762
8763
8764
8765
8766
8767
8768
8769
8770
8771
8772
8773
8774
8904
8905
8906
8907
8908
8909
8910
8911
8912
8913
8914
8915
8916
8917
8918
8919
8920
8921
8922
9079
9207
9213
9247
9292
9303
9309
9316
9321
9327
9331
9346
9355
9363
9385
9399
9409
9410
9419
9448
9493
9506
9507
9508
9518
9534
9535
9536
9549
9550
9577
9587
9600
9614
9615
9616
9636
9637
9681
9682
9683
9684
9724
9725
9726
9727
9740
9741
9779
9780
9781
9800
9821
9822
9847
9848
9849
9850
9851
9852
9881
9882
9883
9884
9885
9886
9911
9912
9913
9914
9945
9946
9996
9997
9998
9999
10038
10039
10040
10041
10090
10091
10092
10093
10143
10144
10145
10146
10147
10148
10149
10150
10151
10193
10194
10195
10196
10197
10198
10199
10200
10201
10258
10259
10314
10315
10316
10317
10318
10319
10320
10321
10322
10380
10381
10382
10383
10384
10385
10386
10461
10462
10463
10464
10465
10466
10467
10537
10538
10539
10540
10541
10542
10543
10544
10545
10546
10547
10548
10549
10550
10551
10552
10639
10640
10641
10642
10643
10644
10759
10760
10761
10762
10763
10764
10765
10766
10767
10768
10892
10893
10894
10895
10896
10897
10898
10899
10900
10901
10902
10903
10904
10905
10906
11022
11023
11024
11025
11026
11027
11028
11029
11030
11031
11032
11033
11034
11035
11036
11037
11038
11039
11169
11170
11171
11172
11173
11174
11175
11176
11177
11178
11179
11180
11181
11182
11183
11184
11185
11186
11187
11344
11472
11478
11512
11557
11568
11574
11581
11586
11592
11596
11611
11620
11628
11650
11664
11674
11675
11684
11713
11758
11771
11772
11773
11783
11799
11800
11801
11814
11815
11842
11852
11865
11879
11880
11881
11901
11902
11946
11947
11948
11949
11989
11990
11991
11992
12005
12006
12044
12045
12046
12065
12086
12087
12112
12113
12114
12115
12116
12117
12146
12147
12148
12149
12150
12151
12176
12177
12178
12179
12210
12211
12261
12262
12263
12264
12303
12304
12305
12306
12355
12356
12357
12358
12408
12409
12410
12411
12412
12413
12414
12415
12416
12458
12459
12460
12461
12462
12463
12464
12465
12466
12523
12524
12579
12580
12581
12582
12583
12584
12585
12586
12587
12645
12646
12647
12648
12649
12650
12651
12726
12727
12728
12729
12730
12731
12732
12802
12803
12804
12805
12806
12807
12808
12809
12810
12811
12812
12813
12814
12815
12816
12817
12904
12905
12906
12907
12908
12909
13024
13025
13026
13027
13028
13029
13030
13031
13032
13033
13157
13158
13159
13160
13161
13162
13163
13164
13165
13166
13167
13168
13169
13170
13171
13287
13288
13289
13290
13291
13292
13293
13294
13295
13296
13297
13298
13299
13300
13301
13302
13303
13304
13434
13435
13436
13437
13438
13439
13440
13441
13442
13443
13444
13445
13446
13447
13448
13449
13450
13451
13452
13609
13737
13743
13777
13822
13833
13839
13846
13851
13857
13861
13876
13885
13893
13915
13929
13939
13940
13949
13978
14023
14036
14037
14038
14048
14064
14065
14066
14079
14080
14107
14117
14130
14144
14145
14146
14166
14167
14211
14212
14213
14214
14254
14255
14256
14257
14270
14271
14309
14310
14311
14330
14351
14352
14377
14378
14379
14380
14381
14382
14411
14412
14413
14414
14415
14416
14441
14442
14443
14444
14475
14476
14526
14527
14528
14529
14568
14569
14570
14571
14620
14621
14622
14623
14673
14674
14675
14676
14677
14678
14679
14680
14681
14723
14724
14725
14726
14727
14728
14729
14730
14731
14788
14789
14844
14845
14846
14847
14848
14849
14850
14851
14852
14910
14911
14912
14913
14914
14915
14916
14991
14992
14993
14994
14995
14996
14997
15067
15068
15069
15070
15071
15072
15073
15074
15075
15076
15077
15078
15079
15080
15081
15082
15169
15170
15171
15172
15173
15174
15289
15290
15291
15292
15293
15294
15295
15296
15297
15298
15422
15423
15424
15425
15426
15427
15428
15429
15430
15431
15432
15433
15434
15435
15436
15552
15553
15554
15555
15556
15557
15558
15559
15560
15561
15562
15563
15564
15565
15566
15567
15568
15569
15699
15700
15701
15702
15703
15704
15705
15706
15707
15708
15709
15710
15711
15712
15713
15714
15715
15716
15717
15874
16002
16008
16042
16087
16098
16104
16111
16116
16122
16126
16141
16150
16158
16180
16194
16204
16205
16214
16243
16288
16301
16302
16303
16313
16329
16330
16331
16344
16345
16372
16382
16395
16409
16410
16411
16431
16432
16476
16477
16478
16479
16519
16520
16521
16522
16535
16536
16574
16575
16576
16595
16616
16617
16642
16643
16644
16645
16646
16647
16676
16677
16678
16679
16680
16681
16706
16707
16708
16709
16740
16741
16791
16792
16793
16794
16833
16834
16835
16836
16885
16886
16887
16888
16938
16939
16940
16941
16942
16943
16944
16945
16946
16988
16989
16990
16991
16992
16993
16994
16995
16996
17053
17054
17109
17110
17111
17112
17113
17114
17115
17116
17117
17175
17176
17177
17178
17179
17180
17181
17256
17257
17258
17259
17260
17261
17262
17332
17333
17334
17335
17336
17337
17338
17339
17340
17341
17342
17343
17344
17345
17346
17347
17434
17435
17436
17437
17438
17439
17554
17555
17556
17557
17558
17559
17560
17561
17562
17563
17687
17688
17689
17690
17691
17692
17693
17694
17695
17696
17697
17698
17699
17700
17701
17817
17818
17819
17820
17821
17822
17823
17824
17825
17826
17827
17828
17829
17830
17831
17832
17833
17834
17964
17965
17966
17967
17968
17969
17970
17971
17972
17973
17974
17975
17976
17977
17978
17979
17980
17981
17982
18139
18267
18273
18307
18352
18363
18369
18376
18381
18387
18391
18406
18415
18423
18445
18459
18469
18470
18479
18508
18553
18566
18567
18568
18578
18594
18595
18596
18609
18610
18637
18647
18660
18674
18675
18676
18696
18697
18741
18742
18743
18744
18784
18785
18786
18787
18800
18801
18839
18840
18841
18860
18881
18882
18907
18908
18909
18910
18911
18912
18941
18942
18943
18944
18945
18946
18971
18972
18973
18974
19005
19006
19056
19057
19058
19059
19098
19099
19100
19101
19150
19151
19152
19153
19203
19204
19205
19206
19207
19208
19209
19210
19211
19253
19254
19255
19256
19257
19258
19259
19260
19261
19318
19319
19374
19375
19376
19377
19378
19379
19380
19381
19382
19440
19441
19442
19443
19444
19445
19446
19521
19522
19523
19524
19525
19526
19527
19597
19598
19599
19600
19601
19602
19603
19604
19605
19606
19607
19608
19609
19610
19611
19612
19699
19700
19701
19702
19703
19704
19819
19820
19821
19822
19823
19824
19825
19826
19827
19828
19952
19953
19954
19955
19956
19957
19958
19959
19960
19961
19962
19963
19964
19965
19966
20082
20083
20084
20085
20086
20087
20088
20089
20090
20091
20092
20093
20094
20095
20096
20097
20098
20099
20229
20230
20231
20232
20233
20234
20235
20236
20237
20238
20239
20240
20241
20242
20243
20244
20245
20246
20247
20404
20532
20538
20572
20617
20628
20634
20641
20646
20652
20656
20671
20680
20688
20710
20724
20734
20735
20744
20773
20818
20831
20832
20833
20843
20859
20860
20861
20874
20875
20902
20912
20925
20939
20940
20941
20961
20962
21006
21007
21008
21009
21049
21050
21051
21052
21065
21066
21104
21105
21106
21125
21146
21147
21172
21173
21174
21175
21176
21177
21206
21207
21208
21209
21210
21211
21236
21237
21238
21239
21270
21271
21321
21322
21323
21324
21363
21364
21365
21366
21415
21416
21417
21418
21468
21469
21470
21471
21472
21473
21474
21475
21476
21518
21519
21520
21521
21522
21523
21524
21525
21526
21583
21584
21639
21640
21641
21642
21643
21644
21645
21646
21647
21705
21706
21707
21708
21709
21710
21711
21786
21787
21788
21789
21790
21791
21792
21862
21863
21864
21865
21866
21867
21868
21869
21870
21871
21872
21873
21874
21875
21876
21877
21964
21965
21966
21967
21968
21969
22084
22085
22086
22087
22088
22089
22090
22091
22092
22093
22217
22218
22219
22220
22221
22222
22223
22224
22225
22226
22227
22228
22229
22230
22231
22347
22348
22349
22350
22351
22352
22353
22354
22355
22356
22357
22358
22359
22360
22361
22362
22363
22364
22494
22495
22496
22497
22498
22499
22500
22501
22502
22503
22504
22505
22506
22507
22508
22509
22510
22511
22512
22669
22797
22803
22837
22882
22893
22899
22906
22911
22917
22921
22936
22945
22953
22975
22989
22999
23000
23009
23038
23083
23096
23097
23098
23108
23124
23125
23126
23139
23140
23167
23177
23190
23204
23205
23206
23226
23227
23271
23272
23273
23274
23314
23315
23316
23317
23330
23331
23369
23370
23371
23390
23411
23412
23437
23438
23439
23440
23441
23442
23471
23472
23473
23474
23475
23476
23501
23502
23503
23504
23535
23536
23586
23587
23588
23589
23628
23629
23630
23631
23680
23681
23682
23683
23733
23734
23735
23736
23737
23738
23739
23740
23741
23783
23784
23785
23786
23787
23788
23789
23790
23791
23848
23849
23904
23905
23906
23907
23908
23909
23910
23911
23912
23970
23971
23972
23973
23974
23975
23976
24051
24052
24053
24054
24055
24056
24057
24127
24128
24129
24130
24131
24132
24133
24134
24135
24136
24137
24138
24139
24140
24141
24142
24229
24230
24231
24232
24233
24234
24349
24350
24351
24352
24353
24354
24355
24356
24357
24358
24482
24483
24484
24485
24486
24487
24488
24489
24490
24491
24492
24493
24494
24495
24496
24612
24613
24614
24615
24616
24617
24618
24619
24620
24621
24622
24623
24624
24625
24626
24627
24628
24629
24759
24760
24761
24762
24763
24764
24765
24766
24767
24768
24769
24770
24771
24772
24773
24774
24775
24776
24777
24934
25062
25068
25102
25147
25158
25164
25171
25176
25182
25186
25201
25210
25218
25240
25254
25264
25265
25274
25303
25348
25361
25362
25363
25373
25389
25390
25391
25404
25405
25432
25442
25455
25469
25470
25471
25491
25492
25536
25537
25538
25539
25579
25580
25581
25582
25595
25596
25634
25635
25636
25655
25676
25677
25702
25703
25704
25705
25706
25707
25736
25737
25738
25739
25740
25741
25766
25767
25768
25769
25800
25801
25851
25852
25853
25854
25893
25894
25895
25896
25945
25946
25947
25948
25998
25999
26000
26001
26002
26003
26004
26005
26006
26048
26049
26050
26051
26052
26053
26054
26055
26056
26113
26114
26169
26170
26171
26172
26173
26174
26175
26176
26177
26235
26236
26237
26238
26239
26240
26241
26316
26317
26318
26319
26320
26321
26322
26392
26393
26394
26395
26396
26397
26398
26399
26400
26401
26402
26403
26404
26405
26406
26407
26494
26495
26496
26497
26498
26499
26614
26615
26616
26617
26618
26619
26620
26621
26622
26623
26747
26748
26749
26750
26751
26752
26753
26754
26755
26756
26757
26758
26759
26760
26761
26877
26878
26879
26880
26881
26882
26883
26884
26885
26886
26887
26888
26889
26890
26891
26892
26893
26894
27024
27025
27026
27027
27028
27029
27030
27031
27032
27033
27034
27035
27036
27037
27038
27039
27040
27041
27042
27199
27327
27333
27367
27412
27423
27429
27436
27441
27447
27451
27466
27475
27483
27505
27519
27529
27530
27539
27568
27613
27626
27627
27628
27638
27654
27655
27656
27669
27670
27697
27707
27720
27734
27735
27736
27756
27757
27801
27802
27803
27804
27844
27845
27846
27847
27860
27861
27899
27900
27901
27920
27941
27942
27967
27968
27969
27970
27971
27972
28001
28002
28003
28004
28005
28006
28031
28032
28033
28034
28065
28066
28116
28117
28118
28119
28158
28159
28160
28161
28210
28211
28212
28213
28263
28264
28265
28266
28267
28268
28269
28270
28271
28313
28314
28315
28316
28317
28318
28319
28320
28321
28378
28379
28434
28435
28436
28437
28438
28439
28440
28441
28442
28500
28501
28502
28503
28504
28505
28506
28581
28582
28583
28584
28585
28586
28587
28657
28658
28659
28660
28661
28662
28663
28664
28665
28666
28667
28668
28669
28670
28671
28672
28759
28760
28761
28762
28763
28764
28879
28880
28881
28882
28883
28884
28885
28886
28887
28888
29012
29013
29014
29015
29016
29017
29018
29019
29020
29021
29022
29023
29024
29025
29026
29142
29143
29144
29145
29146
29147
29148
29149
29150
29151
29152
29153
29154
29155
29156
29157
29158
29159
29289
29290
29291
29292
29293
29294
29295
29296
29297
29298
29299
29300
29301
29302
29303
29304
29305
29306
29307
29464
29592
29598
29632
29677
29688
29694
29701
29706
29712
29716
29731
29740
29748
29770
29784
29794
29795
29804
29833
29878
29891
29892
29893
29903
29919
29920
29921
29934
29935
29962
29972
29985
29999
30000
30001
30021
30022
30066
30067
30068
30069
30109
30110
30111
30112
30125
30126
30164
30165
30166
30185
30206
30207
30232
30233
30234
30235
30236
30237
30266
30267
30268
30269
30270
30271
30296
30297
30298
30299
30330
30331
30381
30382
30383
30384
30423
30424
30425
30426
30475
30476
30477
30478
30528
30529
30530
30531
30532
30533
30534
30535
30536
30578
30579
30580
30581
30582
30583
30584
30585
30586
30643
30644
30699
30700
30701
30702
30703
30704
30705
30706
30707
30765
30766
30767
30768
30769
30770
30771
30846
30847
30848
30849
30850
30851
30852
30922
30923
30924
30925
30926
30927
30928
30929
30930
30931
30932
30933
30934
30935
30936
30937
31024
31025
31026
31027
31028
31029
31144
31145
31146
31147
31148
31149
31150
31151
31152
31153
31277
31278
31279
31280
31281
31282
31283
31284
31285
31286
31287
31288
31289
31290
31291
31407
31408
31409
31410
31411
31412
31413
31414
31415
31416
31417
31418
31419
31420
31421
31422
31423
31424
31554
31555
31556
31557
31558
31559
31560
31561
31562
31563
31564
31565
31566
31567
31568
31569
31570
31571
31572
31729
31857
31863
31897
31942
31953
31959
31966
31971
31977
31981
31996
32005
32013
32035
32049
32059
32060
32069
32098
32143
32156
32157
32158
32168
32184
32185
32186
32199
32200
32227
32237
32250
32264
32265
32266
32286
32287
32331
32332
32333
32334
32374
32375
32376
32377
32390
32391
32429
32430
32431
32450
32471
32472
32497
32498
32499
32500
32501
32502
32531
32532
32533
32534
32535
32536
32561
32562
32563
32564
32595
32596
32646
32647
32648
32649
32688
32689
32690
32691
32740
32741
32742
32743
32793
32794
32795
32796
32797
32798
32799
32800
32801
32843
32844
32845
32846
32847
32848
32849
32850
32851
32908
32909
32964
32965
32966
32967
32968
32969
32970
32971
32972
33030
33031
33032
33033
33034
33035
33036
33111
33112
33113
33114
33115
33116
33117
33187
33188
33189
33190
33191
33192
33193
33194
33195
33196
33197
33198
33199
33200
33201
33202
33289
33290
33291
33292
33293
33294
33409
33410
33411
33412
33413
33414
33415
33416
33417
33418
33542
33543
33544
33545
33546
33547
33548
33549
33550
33551
33552
33553
33554
33555
33556
33672
33673
33674
33675
33676
33677
33678
33679
33680
33681
33682
33683
33684
33685
33686
33687
33688
33689
33819
33820
33821
33822
33823
33824
33825
33826
33827
33828
33829
33830
33831
33832
33833
33834
33835
33836
33837
33994
34122
34128
34162
34207
34218
34224
34231
34236
34242
34246
34261
34270
34278
34300
34314
34324
34325
34334
34363
34408
34421
34422
34423
34433
34449
34450
34451
34464
34465
34492
34502
34515
34529
34530
34531
34551
34552
34596
34597
34598
34599
34639
34640
34641
34642
34655
34656
34694
34695
34696
34715
34736
34737
34762
34763
34764
34765
34766
34767
34796
34797
34798
34799
34800
34801
34826
34827
34828
34829
34860
34861
34911
34912
34913
34914
34953
34954
34955
34956
35005
35006
35007
35008
35058
35059
35060
35061
35062
35063
35064
35065
35066
35108
35109
35110
35111
35112
35113
35114
35115
35116
35173
35174
35229
35230
35231
35232
35233
35234
35235
35236
35237
35295
35296
35297
35298
35299
35300
35301
35376
35377
35378
35379
35380
35381
35382
35452
35453
35454
35455
35456
35457
35458
35459
35460
35461
35462
35463
35464
35465
35466
35467
35554
35555
35556
35557
35558
35559
35674
35675
35676
35677
35678
35679
35680
35681
35682
35683
35807
35808
35809
35810
35811
35812
35813
35814
35815
35816
35817
35818
35819
35820
35821
35937
35938
35939
35940
35941
35942
35943
35944
35945
35946
35947
35948
35949
35950
35951
35952
35953
35954
36084
36085
36086
36087
36088
36089
36090
36091
36092
36093
36094
36095
36096
36097
36098
36099
36100
36101
36102
36259
36387
36393
36427
36472
36483
36489
36496
36501
36507
36511
36526
36535
36543
36565
36579
36589
36590
36599
36628
36673
36686
36687
36688
36698
36714
36715
36716
36729
36730
36757
36767
36780
36794
36795
36796
36816
36817
36861
36862
36863
36864
36904
36905
36906
36907
36920
36921
36959
36960
36961
36980
37001
37002
37027
37028
37029
37030
37031
37032
37061
37062
37063
37064
37065
37066
37091
37092
37093
37094
37125
37126
37176
37177
37178
37179
37218
37219
37220
37221
37270
37271
37272
37273
37323
37324
37325
37326
37327
37328
37329
37330
37331
37373
37374
37375
37376
37377
37378
37379
37380
37381
37438
37439
37494
37495
37496
37497
37498
37499
37500
37501
37502
37560
37561
37562
37563
37564
37565
37566
37641
37642
37643
37644
37645
37646
37647
37717
37718
37719
37720
37721
37722
37723
37724
37725
37726
37727
37728
37729
37730
37731
37732
37819
37820
37821
37822
37823
37824
37939
37940
37941
37942
37943
37944
37945
37946
37947
37948
38072
38073
38074
38075
38076
38077
38078
38079
38080
38081
38082
38083
38084
38085
38086
38202
38203
38204
38205
38206
38207
38208
38209
38210
38211
38212
38213
38214
38215
38216
38217
38218
38219
38349
38350
38351
38352
38353
38354
38355
38356
38357
38358
38359
38360
38361
38362
38363
38364
38365
38366
38367
38524
38652
38658
38692
38737
38748
38754
38761
38766
38772
38776
38791
38800
38808
38830
38844
38854
38855
38864
38893
38938
38951
38952
38953
38963
38979
38980
38981
38994
38995
39022
39032
39045
39059
39060
39061
39081
39082
39126
39127
39128
39129
39169
39170
39171
39172
39185
39186
39224
39225
39226
39245
39266
39267
39292
39293
39294
39295
39296
39297
39326
39327
39328
39329
39330
39331
39356
39357
39358
39359
39390
39391
39441
39442
39443
39444
39483
39484
39485
39486
39535
39536
39537
39538
39588
39589
39590
39591
39592
39593
39594
39595
39596
39638
39639
39640
39641
39642
39643
39644
39645
39646
39703
39704
39759
39760
39761
39762
39763
39764
39765
39766
39767
39825
39826
39827
39828
39829
39830
39831
39906
39907
39908
39909
39910
39911
39912
39982
39983
39984
39985
39986
39987
39988
39989
39990
39991
39992
39993
39994
39995
39996
39997
40084
40085
40086
40087
40088
40089
40204
40205
40206
40207
40208
40209
40210
40211
40212
40213
40337
40338
40339
40340
40341
40342
40343
40344
40345
40346
40347
40348
40349
40350
40351
40467
40468
40469
40470
40471
40472
40473
40474
40475
40476
40477
40478
40479
40480
40481
40482
40483
40484
40614
40615
40616
40617
40618
40619
40620
40621
40622
40623
40624
40625
40626
40627
40628
40629
40630
40631
40632
40789
40917
40923
40957
41002
41013
41019
41026
41031
41037
41041
41056
41065
41073
41095
41109
41119
41120
41129
41158
41203
41216
41217
41218
41228
41244
41245
41246
41259
41260
41287
41297
41310
41324
41325
41326
41346
41347
41391
41392
41393
41394
41434
41435
41436
41437
41450
41451
41489
41490
41491
41510
41531
41532
41557
41558
41559
41560
41561
41562
41591
41592
41593
41594
41595
41596
41621
41622
41623
41624
41655
41656
41706
41707
41708
41709
41748
41749
41750
41751
41800
41801
41802
41803
41853
41854
41855
41856
41857
41858
41859
41860
41861
41903
41904
41905
41906
41907
41908
41909
41910
41911
41968
41969
42024
42025
42026
42027
42028
42029
42030
42031
42032
42090
42091
42092
42093
42094
42095
42096
42171
42172
42173
42174
42175
42176
42177
42247
42248
42249
42250
42251
42252
42253
42254
42255
42256
42257
42258
42259
42260
42261
42262
42349
42350
42351
42352
42353
42354
42469
42470
42471
42472
42473
42474
42475
42476
42477
42478
42602
42603
42604
42605
42606
42607
42608
42609
42610
42611
42612
42613
42614
42615
42616
42732
42733
42734
42735
42736
42737
42738
42739
42740
42741
42742
42743
42744
42745
42746
42747
42748
42749
42879
42880
42881
42882
42883
42884
42885
42886
42887
42888
42889
42890
42891
42892
42893
42894
42895
42896
42897
43054
43182
43188
43222
43267
43278
43284
43291
43296
43302
43306
43321
43330
43338
43360
43374
43384
43385
43394
43423
43468
43481
43482
43483
43493
43509
43510
43511
43524
43525
43552
43562
43575
43589
43590
43591
43611
43612
43656
43657
43658
43659
43699
43700
43701
43702
43715
43716
43754
43755
43756
43775
43796
43797
43822
43823
43824
43825
43826
43827
43856
43857
43858
43859
43860
43861
43886
43887
43888
43889
43920
43921
43971
43972
43973
43974
44013
44014
44015
44016
44065
44066
44067
44068
44118
44119
44120
44121
44122
44123
44124
44125
44126
44168
44169
44170
44171
44172
44173
44174
44175
44176
44233
44234
44289
44290
44291
44292
44293
44294
44295
44296
44297
44355
44356
44357
44358
44359
44360
44361
44436
44437
44438
44439
44440
44441
44442
44512
44513
44514
44515
44516
44517
44518
44519
44520
44521
44522
44523
44524
44525
44526
44527
44614
44615
44616
44617
44618
44619
44734
44735
44736
44737
44738
44739
44740
44741
44742
44743
44867
44868
44869
44870
44871
44872
44873
44874
44875
44876
44877
44878
44879
44880
44881
44997
44998
44999
45000
45001
45002
45003
45004
45005
45006
45007
45008
45009
45010
45011
45012
45013
45014
45144
45145
45146
45147
45148
45149
45150
45151
45152
45153
45154
45155
45156
45157
45158
45159
45160
45161
45162
45319
45447
45453
45487
45532
45543
45549
45556
45561
45567
45571
45586
45595
45603
45625
45639
45649
45650
45659
45688
45733
45746
45747
45748
45758
45774
45775
45776
45789
45790
45817
45827
45840
45854
45855
45856
45876
45877
45921
45922
45923
45924
45964
45965
45966
45967
45980
45981
46019
46020
46021
46040
46061
46062
46087
46088
46089
46090
46091
46092
46121
46122
46123
46124
46125
46126
46151
46152
46153
46154
46185
46186
46236
46237
46238
46239
46278
46279
46280
46281
46330
46331
46332
46333
46383
46384
46385
46386
46387
46388
46389
46390
46391
46433
46434
46435
46436
46437
46438
46439
46440
46441
46498
46499
46554
46555
46556
46557
46558
46559
46560
46561
46562
46620
46621
46622
46623
46624
46625
46626
46701
46702
46703
46704
46705
46706
46707
46777
46778
46779
46780
46781
46782
46783
46784
46785
46786
46787
46788
46789
46790
46791
46792
46879
46880
46881
46882
46883
46884
46999
47000
47001
47002
47003
47004
47005
47006
47007
47008
47132
47133
47134
47135
47136
47137
47138
47139
47140
47141
47142
47143
47144
47145
47146
47262
47263
47264
47265
47266
47267
47268
47269
47270
47271
47272
47273
47274
47275
47276
47277
47278
47279
47409
47410
47411
47412
47413
47414
47415
47416
47417
47418
47419
47420
47421
47422
47423
47424
47425
47426
47427
47584
47712
47718
47752
47797
47808
47814
47821
47826
47832
47836
47851
47860
47868
47890
47904
47914
47915
47924
47953
47998
48011
48012
48013
48023
48039
48040
48041
48054
48055
48082
48092
48105
48119
48120
48121
48141
48142
48186
48187
48188
48189
48229
48230
48231
48232
48245
48246
48284
48285
48286
48305
48326
48327
48352
48353
48354
48355
48356
48357
48386
48387
48388
48389
48390
48391
48416
48417
48418
48419
48450
48451
48501
48502
48503
48504
48543
48544
48545
48546
48595
48596
48597
48598
48648
48649
48650
48651
48652
48653
48654
48655
48656
48698
48699
48700
48701
48702
48703
48704
48705
48706
48763
48764
48819
48820
48821
48822
48823
48824
48825
48826
48827
48885
48886
48887
48888
48889
48890
48891
48966
48967
48968
48969
48970
48971
48972
49042
49043
49044
49045
49046
49047
49048
49049
49050
49051
49052
49053
49054
49055
49056
49057
49144
49145
49146
49147
49148
49149
49264
49265
49266
49267
49268
49269
49270
49271
49272
49273
49397
49398
49399
49400
49401
49402
49403
49404
49405
49406
49407
49408
49409
49410
49411
49527
49528
49529
49530
49531
49532
49533
49534
49535
49536
49537
49538
49539
49540
49541
49542
49543
49544
49674
49675
49676
49677
49678
49679
49680
49681
49682
49683
49684
49685
49686
49687
49688
49689
49690
49691
49692
49849
49977
49983
50017
50062
50073
50079
50086
50091
50097
50101
50116
50125
50133
50155
50169
50179
50180
50189
50218
50263
50276
50277
50278
50288
50304
50305
50306
50319
50320
50347
50357
50370
50384
50385
50386
50406
50407
50451
50452
50453
50454
50494
50495
50496
50497
50510
50511
50549
50550
50551
50570
50591
50592
50617
50618
50619
50620
50621
50622
50651
50652
50653
50654
50655
50656
50681
50682
50683
50684
50715
50716
50766
50767
50768
50769
50808
50809
50810
50811
50860
50861
50862
50863
50913
50914
50915
50916
50917
50918
50919
50920
50921
50963
50964
50965
50966
50967
50968
50969
50970
50971
51028
51029
51084
51085
51086
51087
51088
51089
51090
51091
51092
51150
51151
51152
51153
51154
51155
51156
51231
51232
51233
51234
51235
51236
51237
51307
51308
51309
51310
51311
51312
51313
51314
51315
51316
51317
51318
51319
51320
51321
51322
51409
51410
51411
51412
51413
51414
51529
51530
51531
51532
51533
51534
51535
51536
51537
51538
51662
51663
51664
51665
51666
51667
51668
51669
51670
51671
51672
51673
51674
51675
51676
51792
51793
51794
51795
51796
51797
51798
51799
51800
51801
51802
51803
51804
51805
51806
51807
51808
51809
51939
51940
51941
51942
51943
51944
51945
51946
51947
51948
51949
51950
51951
51952
51953
51954
51955
51956
51957
52114
52242
52248
52282
52327
52338
52344
52351
52356
52362
52366
52381
52390
52398
52420
52434
52444
52445
52454
52483
52528
52541
52542
52543
52553
52569
52570
52571
52584
52585
52612
52622
52635
52649
52650
52651
52671
52672
52716
52717
52718
52719
52759
52760
52761
52762
52775
52776
52814
52815
52816
52835
52856
52857
52882
52883
52884
52885
52886
52887
52916
52917
52918
52919
52920
52921
52946
52947
52948
52949
52980
52981
53031
53032
53033
53034
53073
53074
53075
53076
53125
53126
53127
53128
53178
53179
53180
53181
53182
53183
53184
53185
53186
53228
53229
53230
53231
53232
53233
53234
53235
53236
53293
53294
53349
53350
53351
53352
53353
53354
53355
53356
53357
53415
53416
53417
53418
53419
53420
53421
53496
53497
53498
53499
53500
53501
53502
53572
53573
53574
53575
53576
53577
53578
53579
53580
53581
53582
53583
53584
53585
53586
53587
53674
53675
53676
53677
53678
53679
53794
53795
53796
53797
53798
53799
53800
53801
53802
53803
53927
53928
53929
53930
53931
53932
53933
53934
53935
53936
53937
53938
53939
53940
53941
54057
54058
54059
54060
54061
54062
54063
54064
54065
54066
54067
54068
54069
54070
54071
54072
54073
54074
54204
54205
54206
54207
54208
54209
54210
54211
54212
54213
54214
54215
54216
54217
54218
54219
54220
54221
54222
54379
54507
54513
54547
54592
54603
54609
54616
54621
54627
54631
54646
54655
54663
54685
54699
54709
54710
54719
54748
54793
54806
54807
54808
54818
54834
54835
54836
54849
54850
54877
54887
54900
54914
54915
54916
54936
54937
54981
54982
54983
54984
55024
55025
55026
55027
55040
55041
55079
55080
55081
55100
55121
55122
55147
55148
55149
55150
55151
55152
55181
55182
55183
55184
55185
55186
55211
55212
55213
55214
55245
55246
55296
55297
55298
55299
55338
55339
55340
55341
55390
55391
55392
55393
55443
55444
55445
55446
55447
55448
55449
55450
55451
55493
55494
55495
55496
55497
55498
55499
55500
55501
55558
55559
55614
55615
55616
55617
55618
55619
55620
55621
55622
55680
55681
55682
55683
55684
55685
55686
55761
55762
55763
55764
55765
55766
55767
55837
55838
55839
55840
55841
55842
55843
55844
55845
55846
55847
55848
55849
55850
55851
55852
55939
55940
55941
55942
55943
55944
56059
56060
56061
56062
56063
56064
56065
56066
56067
56068
56192
56193
56194
56195
56196
56197
56198
56199
56200
56201
56202
56203
56204
56205
56206
56322
56323
56324
56325
56326
56327
56328
56329
56330
56331
56332
56333
56334
56335
56336
56337
56338
56339
56469
56470
56471
56472
56473
56474
56475
56476
56477
56478
56479
56480
56481
56482
56483
56484
56485
56486
56487
56644
56772
56778
56812
56857
56868
56874
56881
56886
56892
56896
56911
56920
56928
56950
56964
56974
56975
56984
57013
57058
57071
57072
57073
57083
57099
57100
57101
57114
57115
57142
57152
57165
57179
57180
57181
57201
57202
57246
57247
57248
57249
57289
57290
57291
57292
57305
57306
57344
57345
57346
57365
57386
57387
57412
57413
57414
57415
57416
57417
57446
57447
57448
57449
57450
57451
57476
57477
57478
57479
57510
57511
57561
57562
57563
57564
57603
57604
57605
57606
57655
57656
57657
57658
57708
57709
57710
57711
57712
57713
57714
57715
57716
57758
57759
57760
57761
57762
57763
57764
57765
57766
57823
57824
57879
57880
57881
57882
57883
57884
57885
57886
57887
57945
57946
57947
57948
57949
57950
57951
58026
58027
58028
58029
58030
58031
58032
58102
58103
58104
58105
58106
58107
58108
58109
58110
58111
58112
58113
58114
58115
58116
58117
58204
58205
58206
58207
58208
58209
58324
58325
58326
58327
58328
58329
58330
58331
58332
58333
58457
58458
58459
58460
58461
58462
58463
58464
58465
58466
58467
58468
58469
58470
58471
58587
58588
58589
58590
58591
58592
58593
58594
58595
58596
58597
58598
58599
58600
58601
58602
58603
58604
58734
58735
58736
58737
58738
58739
58740
58741
58742
58743
58744
58745
58746
58747
58748
58749
58750
58751
58752
58909
59037
59043
59077
59122
59133
59139
59146
59151
59157
59161
59176
59185
59193
59215
59229
59239
59240
59249
59278
59323
59336
59337
59338
59348
59364
59365
59366
59379
59380
59407
59417
59430
59444
59445
59446
59466
59467
59511
59512
59513
59514
59554
59555
59556
59557
59570
59571
59609
59610
59611
59630
59651
59652
59677
59678
59679
59680
59681
59682
59711
59712
59713
59714
59715
59716
59741
59742
59743
59744
59775
59776
59826
59827
59828
59829
59868
59869
59870
59871
59920
59921
59922
59923
59973
59974
59975
59976
59977
59978
59979
59980
59981
60023
60024
60025
60026
60027
60028
60029
60030
60031
60088
60089
60144
60145
60146
60147
60148
60149
60150
60151
60152
60210
60211
60212
60213
60214
60215
60216
60291
60292
60293
60294
60295
60296
60297
60367
60368
60369
60370
60371
60372
60373
60374
60375
60376
60377
60378
60379
60380
60381
60382
60469
60470
60471
60472
60473
60474
60589
60590
60591
60592
60593
60594
60595
60596
60597
60598
60722
60723
60724
60725
60726
60727
60728
60729
60730
60731
60732
60733
60734
60735
60736
60852
60853
60854
60855
60856
60857
60858
60859
60860
60861
60862
60863
60864
60865
60866
60867
60868
60869
60999
61000
61001
61002
61003
61004
61005
61006
61007
61008
61009
61010
61011
61012
61013
61014
61015
61016
61017
61174
61302
61308
61342
61387
61398
61404
61411
61416
61422
61426
61441
61450
61458
61480
61494
61504
61505
61514
61543
61588
61601
61602
61603
61613
61629
61630
61631
61644
61645
61672
61682
61695
61709
61710
61711
61731
61732
61776
61777
61778
61779
61819
61820
61821
61822
61835
61836
61874
61875
61876
61895
61916
61917
61942
61943
61944
61945
61946
61947
61976
61977
61978
61979
61980
61981
62006
62007
62008
62009
62040
62041
62091
62092
62093
62094
62133
62134
62135
62136
62185
62186
62187
62188
62238
62239
62240
62241
62242
62243
62244
62245
62246
62288
62289
62290
62291
62292
62293
62294
62295
62296
62353
62354
62409
62410
62411
62412
62413
62414
62415
62416
62417
62475
62476
62477
62478
62479
62480
62481
62556
62557
62558
62559
62560
62561
62562
62632
62633
62634
62635
62636
62637
62638
62639
62640
62641
62642
62643
62644
62645
62646
62647
62734
62735
62736
62737
62738
62739
62854
62855
62856
62857
62858
62859
62860
62861
62862
62863
62987
62988
62989
62990
62991
62992
62993
62994
62995
62996
62997
62998
62999
63000
63001
63117
63118
63119
63120
63121
63122
63123
63124
63125
63126
63127
63128
63129
63130
63131
63132
63133
63134
63264
63265
63266
63267
63268
63269
63270
63271
63272
63273
63274
63275
63276
63277
63278
63279
63280
63281
63282
63439
63567
63573
63607
63652
63663
63669
63676
63681
63687
63691
63706
63715
63723
63745
63759
63769
63770
63779
63808
63853
63866
63867
63868
63878
63894
63895
63896
63909
63910
63937
63947
63960
63974
63975
63976
63996
63997
64041
64042
64043
64044
64084
64085
64086
64087
64100
64101
64139
64140
64141
64160
64181
64182
64207
64208
64209
64210
64211
64212
64241
64242
64243
64244
64245
64246
64271
64272
64273
64274
64305
64306
64356
64357
64358
64359
64398
64399
64400
64401
64450
64451
64452
64453
64503
64504
64505
64506
64507
64508
64509
64510
64511
64553
64554
64555
64556
64557
64558
64559
64560
64561
64618
64619
64674
64675
64676
64677
64678
64679
64680
64681
64682
64740
64741
64742
64743
64744
64745
64746
64821
64822
64823
64824
64825
64826
64827
64897
64898
64899
64900
64901
64902
64903
64904
64905
64906
64907
64908
64909
64910
64911
64912
64999
65000
65001
65002
65003
65004
65119
65120
65121
65122
65123
65124
65125
65126
65127
65128
65252
65253
65254
65255
65256
65257
65258
65259
65260
65261
65262
65263
65264
65265
65266
65382
65383
65384
65385
65386
65387
65388
65389
65390
65391
65392
65393
65394
65395
65396
65397
65398
65399
65529
65530
65531
65532
65533
65534
65535
65536
65537
65538
65539
65540
65541
65542
65543
65544
65545
65546
65547
65704
65832
65838
65872
65917
65928
65934
65941
65946
65952
65956
65971
65980
65988
66010
66024
66034
66035
66044
66073
66118
66131
66132
66133
66143
66159
66160
66161
66174
66175
66202
66212
66225
66239
66240
66241
66261
66262
66306
66307
66308
66309
66349
66350
66351
66352
66365
66366
66404
66405
66406
66425
66446
66447
66472
66473
66474
66475
66476
66477
66506
66507
66508
66509
66510
66511
66536
66537
66538
66539
66570
66571
66621
66622
66623
66624
66663
66664
66665
66666
66715
66716
66717
66718
66768
66769
66770
66771
66772
66773
66774
66775
66776
66818
66819
66820
66821
66822
66823
66824
66825
66826
66883
66884
66939
66940
66941
66942
66943
66944
66945
66946
66947
67005
67006
67007
67008
67009
67010
67011
67086
67087
67088
67089
67090
67091
67092
67162
67163
67164
67165
67166
67167
67168
67169
67170
67171
67172
67173
67174
67175
67176
67177
67264
67265
67266
67267
67268
67269
67384
67385
67386
67387
67388
67389
67390
67391
67392
67393
67517
67518
67519
67520
67521
67522
67523
67524
67525
67526
67527
67528
67529
67530
67531
67647
67648
67649
67650
67651
67652
67653
67654
67655
67656
67657
67658
67659
67660
67661
67662
67663
67664
67794
67795
67796
67797
67798
67799
67800
67801
67802
67803
67804
67805
67806
67807
67808
67809
67810
67811
67812
67969
68097
68103
68137
68182
68193
68199
68206
68211
68217
68221
68236
68245
68253
68275
68289
68299
68300
68309
68338
68383
68396
68397
68398
68408
68424
68425
68426
68439
68440
68467
68477
68490
68504
68505
68506
68526
68527
68571
68572
68573
68574
68614
68615
68616
68617
68630
68631
68669
68670
68671
68690
68711
68712
68737
68738
68739
68740
68741
68742
68771
68772
68773
68774
68775
68776
68801
68802
68803
68804
68835
68836
68886
68887
68888
68889
68928
68929
68930
68931
68980
68981
68982
68983
69033
69034
69035
69036
69037
69038
69039
69040
69041
69083
69084
69085
69086
69087
69088
69089
69090
69091
69148
69149
69204
69205
69206
69207
69208
69209
69210
69211
69212
69270
69271
69272
69273
69274
69275
69276
69351
69352
69353
69354
69355
69356
69357
69427
69428
69429
69430
69431
69432
69433
69434
69435
69436
69437
69438
69439
69440
69441
69442
69529
69530
69531
69532
69533
69534
69649
69650
69651
69652
69653
69654
69655
69656
69657
69658
69782
69783
69784
69785
69786
69787
69788
69789
69790
69791
69792
69793
69794
69795
69796
69912
69913
69914
69915
69916
69917
69918
69919
69920
69921
69922
69923
69924
69925
69926
69927
69928
69929
70059
70060
70061
70062
70063
70064
70065
70066
70067
70068
70069
70070
70071
70072
70073
70074
70075
70076
70077
70234
70362
70368
70402
70447
70458
70464
70471
70476
70482
70486
70501
70510
70518
70540
70554
70564
70565
70574
70603
70648
70661
70662
70663
70673
70689
70690
70691
70704
70705
70732
70742
70755
70769
70770
70771
70791
70792
70836
70837
70838
70839
70879
70880
70881
70882
70895
70896
70934
70935
70936
70955
70976
70977
71002
71003
71004
71005
71006
71007
71036
71037
71038
71039
71040
71041
71066
71067
71068
71069
71100
71101
71151
71152
71153
71154
71193
71194
71195
71196
71245
71246
71247
71248
71298
71299
71300
71301
71302
71303
71304
71305
71306
71348
71349
71350
71351
71352
71353
71354
71355
71356
71413
71414
71469
71470
71471
71472
71473
71474
71475
71476
71477
71535
71536
71537
71538
71539
71540
71541
71616
71617
71618
71619
71620
71621
71622
71692
71693
71694
71695
71696
71697
71698
71699
71700
71701
71702
71703
71704
71705
71706
71707
71794
71795
71796
71797
71798
71799
71914
71915
71916
71917
71918
71919
71920
71921
71922
71923
72047
72048
72049
72050
72051
72052
72053
72054
72055
72056
72057
72058
72059
72060
72061
72177
72178
72179
72180
72181
72182
72183
72184
72185
72186
72187
72188
72189
72190
72191
72192
72193
72194
72324
72325
72326
72327
72328
72329
72330
72331
72332
72333
72334
72335
72336
72337
72338
72339
72340
72341
72342
72499
72627
72633
72667
72712
72723
72729
72736
72741
72747
72751
72766
72775
72783
72805
72819
72829
72830
72839
72868
72913
72926
72927
72928
72938
72954
72955
72956
72969
72970
72997
73007
73020
73034
73035
73036
73056
73057
73101
73102
73103
73104
73144
73145
73146
73147
73160
73161
73199
73200
73201
73220
73241
73242
73267
73268
73269
73270
73271
73272
73301
73302
73303
73304
73305
73306
73331
73332
73333
73334
73365
73366
73416
73417
73418
73419
73458
73459
73460
73461
73510
73511
73512
73513
73563
73564
73565
73566
73567
73568
73569
73570
73571
73613
73614
73615
73616
73617
73618
73619
73620
73621
73678
73679
73734
73735
73736
73737
73738
73739
73740
73741
73742
73800
73801
73802
73803
73804
73805
73806
73881
73882
73883
73884
73885
73886
73887
73957
73958
73959
73960
73961
73962
73963
73964
73965
73966
73967
73968
73969
73970
73971
73972
74059
74060
74061
74062
74063
74064
74179
74180
74181
74182
74183
74184
74185
74186
74187
74188
74312
74313
74314
74315
74316
74317
74318
74319
74320
74321
74322
74323
74324
74325
74326
74442
74443
74444
74445
74446
74447
74448
74449
74450
74451
74452
74453
74454
74455
74456
74457
74458
74459
74589
74590
74591
74592
74593
74594
74595
74596
74597
74598
74599
74600
74601
74602
74603
74604
74605
74606
74607
74764
74892
74898
74932
74977
74988
74994
75001
75006
75012
75016
75031
75040
75048
75070
75084
75094
75095
75104
75133
75178
75191
75192
75193
75203
75219
75220
75221
75234
75235
75262
75272
75285
75299
75300
75301
75321
75322
75366
75367
75368
75369
75409
75410
75411
75412
75425
75426
75464
75465
75466
75485
75506
75507
75532
75533
75534
75535
75536
75537
75566
75567
75568
75569
75570
75571
75596
75597
75598
75599
75630
75631
75681
75682
75683
75684
75723
75724
75725
75726
75775
75776
75777
75778
75828
75829
75830
75831
75832
75833
75834
75835
75836
75878
75879
75880
75881
75882
75883
75884
75885
75886
75943
75944
75999
76000
76001
76002
76003
76004
76005
76006
76007
76065
76066
76067
76068
76069
76070
76071
76146
76147
76148
76149
76150
76151
76152
76222
76223
76224
76225
76226
76227
76228
76229
76230
76231
76232
76233
76234
76235
76236
76237
76324
76325
76326
76327
76328
76329
76444
76445
76446
76447
76448
76449
76450
76451
76452
76453
76577
76578
76579
76580
76581
76582
76583
76584
76585
76586
76587
76588
76589
76590
76591
76707
76708
76709
76710
76711
76712
76713
76714
76715
76716
76717
76718
76719
76720
76721
76722
76723
76724
76854
76855
76856
76857
76858
76859
76860
76861
76862
76863
76864
76865
76866
76867
76868
76869
76870
76871
76872
77029
77157
77163
77197
77242
77253
77259
77266
77271
77277
77281
77296
77305
77313
77335
77349
77359
77360
77369
77398
77443
77456
77457
77458
77468
77484
77485
77486
77499
77500
77527
77537
77550
77564
77565
77566
77586
77587
77631
77632
77633
77634
77674
77675
77676
77677
77690
77691
77729
77730
77731
77750
77771
77772
77797
77798
77799
77800
77801
77802
77831
77832
77833
77834
77835
77836
77861
77862
77863
77864
77895
77896
77946
77947
77948
77949
77988
77989
77990
77991
78040
78041
78042
78043
78093
78094
78095
78096
78097
78098
78099
78100
78101
78143
78144
78145
78146
78147
78148
78149
78150
78151
78208
78209
78264
78265
78266
78267
78268
78269
78270
78271
78272
78330
78331
78332
78333
78334
78335
78336
78411
78412
78413
78414
78415
78416
78417
78487
78488
78489
78490
78491
78492
78493
78494
78495
78496
78497
78498
78499
78500
78501
78502
78589
78590
78591
78592
78593
78594
78709
78710
78711
78712
78713
78714
78715
78716
78717
78718
78842
78843
78844
78845
78846
78847
78848
78849
78850
78851
78852
78853
78854
78855
78856
78972
78973
78974
78975
78976
78977
78978
78979
78980
78981
78982
78983
78984
78985
78986
78987
78988
78989
79119
79120
79121
79122
79123
79124
79125
79126
79127
79128
79129
79130
79131
79132
79133
79134
79135
79136
79137
79294
79422
79428
79462
79507
79518
79524
79531
79536
79542
79546
79561
79570
79578
79600
79614
79624
79625
79634
79663
79708
79721
79722
79723
79733
79749
79750
79751
79764
79765
79792
79802
79815
79829
79830
79831
79851
79852
79896
79897
79898
79899
79939
79940
79941
79942
79955
79956
79994
79995
79996
80015
80036
80037
80062
80063
80064
80065
80066
80067
80096
80097
80098
80099
80100
80101
80126
80127
80128
80129
80160
80161
80211
80212
80213
80214
80253
80254
80255
80256
80305
80306
80307
80308
80358
80359
80360
80361
80362
80363
80364
80365
80366
80408
80409
80410
80411
80412
80413
80414
80415
80416
80473
80474
80529
80530
80531
80532
80533
80534
80535
80536
80537
80595
80596
80597
80598
80599
80600
80601
80676
80677
80678
80679
80680
80681
80682
80752
80753
80754
80755
80756
80757
80758
80759
80760
80761
80762
80763
80764
80765
80766
80767
80854
80855
80856
80857
80858
80859
80974
80975
80976
80977
80978
80979
80980
80981
80982
80983
81107
81108
81109
81110
81111
81112
81113
81114
81115
81116
81117
81118
81119
81120
81121
81237
81238
81239
81240
81241
81242
81243
81244
81245
81246
81247
81248
81249
81250
81251
81252
81253
81254
81384
81385
81386
81387
81388
81389
81390
81391
81392
81393
81394
81395
81396
81397
81398
81399
81400
81401
81402
81559
81687
81693
81727
81772
81783
81789
81796
81801
81807
81811
81826
81835
81843
81865
81879
81889
81890
81899
81928
81973
81986
81987
81988
81998
82014
82015
82016
82029
82030
82057
82067
82080
82094
82095
82096
82116
82117
82161
82162
82163
82164
82204
82205
82206
82207
82220
82221
82259
82260
82261
82280
82301
82302
82327
82328
82329
82330
82331
82332
82361
82362
82363
82364
82365
82366
82391
82392
82393
82394
82425
82426
82476
82477
82478
82479
82518
82519
82520
82521
82570
82571
82572
82573
82623
82624
82625
82626
82627
82628
82629
82630
82631
82673
82674
82675
82676
82677
82678
82679
82680
82681
82738
82739
82794
82795
82796
82797
82798
82799
82800
82801
82802
82860
82861
82862
82863
82864
82865
82866
82941
82942
82943
82944
82945
82946
82947
83017
83018
83019
83020
83021
83022
83023
83024
83025
83026
83027
83028
83029
83030
83031
83032
83119
83120
83121
83122
83123
83124
83239
83240
83241
83242
83243
83244
83245
83246
83247
83248
83372
83373
83374
83375
83376
83377
83378
83379
83380
83381
83382
83383
83384
83385
83386
83502
83503
83504
83505
83506
83507
83508
83509
83510
83511
83512
83513
83514
83515
83516
83517
83518
83519
83649
83650
83651
83652
83653
83654
83655
83656
83657
83658
83659
83660
83661
83662
83663
83664
83665
83666
83667
83824
83952
83958
83992
84037
84048
84054
84061
84066
84072
84076
84091
84100
84108
84130
84144
84154
84155
84164
84193
84238
84251
84252
84253
84263
84279
84280
84281
84294
84295
84322
84332
84345
84359
84360
84361
84381
84382
84426
84427
84428
84429
84469
84470
84471
84472
84485
84486
84524
84525
84526
84545
84566
84567
84592
84593
84594
84595
84596
84597
84626
84627
84628
84629
84630
84631
84656
84657
84658
84659
84690
84691
84741
84742
84743
84744
84783
84784
84785
84786
84835
84836
84837
84838
84888
84889
84890
84891
84892
84893
84894
84895
84896
84938
84939
84940
84941
84942
84943
84944
84945
84946
85003
85004
85059
85060
85061
85062
85063
85064
85065
85066
85067
85125
85126
85127
85128
85129
85130
85131
85206
85207
85208
85209
85210
85211
85212
85282
85283
85284
85285
85286
85287
85288
85289
85290
85291
85292
85293
85294
85295
85296
85297
85384
85385
85386
85387
85388
85389
85504
85505
85506
85507
85508
85509
85510
85511
85512
85513
85637
85638
85639
85640
85641
85642
85643
85644
85645
85646
85647
85648
85649
85650
85651
85767
85768
85769
85770
85771
85772
85773
85774
85775
85776
85777
85778
85779
85780
85781
85782
85783
85784
85914
85915
85916
85917
85918
85919
85920
85921
85922
85923
85924
85925
85926
85927
85928
85929
85930
85931
85932
86089
86217
86223
86257
86302
86313
86319
86326
86331
86337
86341
86356
86365
86373
86395
86409
86419
86420
86429
86458
86503
86516
86517
86518
86528
86544
86545
86546
86559
86560
86587
86597
86610
86624
86625
86626
86646
86647
86691
86692
86693
86694
86734
86735
86736
86737
86750
86751
86789
86790
86791
86810
86831
86832
86857
86858
86859
86860
86861
86862
86891
86892
86893
86894
86895
86896
86921
86922
86923
86924
86955
86956
87006
87007
87008
87009
87048
87049
87050
87051
87100
87101
87102
87103
87153
87154
87155
87156
87157
87158
87159
87160
87161
87203
87204
87205
87206
87207
87208
87209
87210
87211
87268
87269
87324
87325
87326
87327
87328
87329
87330
87331
87332
87390
87391
87392
87393
87394
87395
87396
87471
87472
87473
87474
87475
87476
87477
87547
87548
87549
87550
87551
87552
87553
87554
87555
87556
87557
87558
87559
87560
87561
87562
87649
87650
87651
87652
87653
87654
87769
87770
87771
87772
87773
87774
87775
87776
87777
87778
87902
87903
87904
87905
87906
87907
87908
87909
87910
87911
87912
87913
87914
87915
87916
88032
88033
88034
88035
88036
88037
88038
88039
88040
88041
88042
88043
88044
88045
88046
88047
88048
88049
88179
88180
88181
88182
88183
88184
88185
88186
88187
88188
88189
88190
88191
88192
88193
88194
88195
88196
88197
88354
88482
88488
88522
88567
88578
88584
88591
88596
88602
88606
88621
88630
88638
88660
88674
88684
88685
88694
88723
88768
88781
88782
88783
88793
88809
88810
88811
88824
88825
88852
88862
88875
88889
88890
88891
88911
88912
88956
88957
88958
88959
88999
89000
89001
89002
89015
89016
89054
89055
89056
89075
89096
89097
89122
89123
89124
89125
89126
89127
89156
89157
89158
89159
89160
89161
89186
89187
89188
89189
89220
89221
89271
89272
89273
89274
89313
89314
89315
89316
89365
89366
89367
89368
89418
89419
89420
89421
89422
89423
89424
89425
89426
89468
89469
89470
89471
89472
89473
89474
89475
89476
89533
89534
89589
89590
89591
89592
89593
89594
89595
89596
89597
89655
89656
89657
89658
89659
89660
89661
89736
89737
89738
89739
89740
89741
89742
89812
89813
89814
89815
89816
89817
89818
89819
89820
89821
89822
89823
89824
89825
89826
89827
89914
89915
89916
89917
89918
89919
90016
90034
90035
90036
90037
90038
90039
90040
90041
90042
90043
90167
90168
90169
90170
90171
90172
90173
90174
90175
90176
90177
90178
90179
90180
90181
90297
90298
90299
90300
90301
90302
90303
90304
90305
90306
90307
90308
90309
90310
90311
90312
90313
90314
90444
90445
90446
90447
90448
90449
90450
90451
90452
90453
90454
90455
90456
90457
90458
90459
90460
90461
90462
90619
90747
90753
90787
90832
90843
90849
90856
90861
90867
90871
90886
90895
90903
90925
90939
90949
90950
90959
90988
91033
91046
91047
91048
91058
91074
91075
91076
91089
91090
91117
91127
91140
91154
91155
91156
91176
91177
91221
91222
91223
91224
91264
91265
91266
91267
91280
91281
91319
91320
91321
91340
91361
91362
91387
91388
91389
91390
91391
91392
91421
91422
91423
91424
91425
91426
91451
91452
91453
91454
91485
91486
91536
91537
91538
91539
91578
91579
91580
91581
91630
91631
91632
91633
91683
91684
91685
91686
91687
91688
91689
91690
91691
91733
91734
91735
91736
91737
91738
91739
91740
91741
91798
91799
91854
91855
91856
91857
91858
91859
91860
91861
91862
91920
91921
91922
91923
91924
91925
91926
92001
92002
92003
92004
92005
92006
92007
92077
92078
92079
92080
92081
92082
92083
92084
92085
92086
92087
92088
92089
92090
92091
92092
92144
92179
92180
92181
92182
92183
92184
92299
92300
92301
92302
92303
92304
92305
92306
92307
92308
92432
92433
92434
92435
92436
92437
92438
92439
92440
92441
92442
92443
92444
92445
92446
92562
92563
92564
92565
92566
92567
92568
92569
92570
92571
92572
92573
92574
92575
92576
92577
92578
92579
92709
92710
92711
92712
92713
92714
92715
92716
92717
92718
92719
92720
92721
92722
92723
92724
92725
92726
92727
92884
93012
93018
93052
93097
93108
93114
93121
93126
93132
93136
93151
93160
93168
93190
93204
93214
93215
93224
93253
93271
93298
93311
93312
93313
93323
93339
93340
93341
93354
93355
93382
93392
93405
93419
93420
93421
93441
93442
93486
93487
93488
93489
93529
93530
93531
93532
93545
93546
93584
93585
93586
93605
93626
93627
93652
93653
93654
93655
93656
93657
93686
93687
93688
93689
93690
93691
93697
93716
93717
93718
93719
93750
93751
93801
93802
93803
93804
93843
93844
93845
93846
93880
93895
93896
93897
93898
93948
93949
93950
93951
93952
93953
93954
93955
93956
93998
93999
94000
94001
94002
94003
94004
94005
94006
94059
94063
94064
94119
94120
94121
94122
94123
94124
94125
94126
94127
94185
94186
94187
94188
94189
94190
94191
94266
94267
94268
94269
94270
94271
94272
94342
94343
94344
94345
94346
94347
94348
94349
94350
94351
94352
94353
94354
94355
94356
94357
94444
94445
94446
94447
94448
94449
94564
94565
94566
94567
94568
94569
94570
94571
94572
94573
94642
94697
94698
94699
94700
94701
94702
94703
94704
94705
94706
94707
94708
94709
94710
94711
94827
94828
94829
94830
94831
94832
94833
94834
94835
94836
94837
94838
94839
94840
94841
94842
94843
94844
94974
94975
94976
94977
94978
94979
94980
94981
94982
94983
94984
94985
94986
94987
94988
94989
94990
94991
94992
95149
95277
95283
95317
95362
95373
95379
95386
95391
95397
95401
95416
95425
95433
95455
95469
95479
95480
95489
95518
95551
95563
95576
95577
95578
95588
95604
95605
95606
95619
95620
95647
95657
95670
95684
95685
95686
95706
95707
95751
95752
95753
95754
95794
95795
95796
95797
95810
95811
95849
95850
95851
95870
95891
95892
95917
95918
95919
95920
95921
95922
95951
95952
95953
95954
95955
95956
95964
95981
95982
95983
95984
96015
96016
96066
96067
96068
96069
96108
96109
96110
96111
96160
96161
96162
96163
96213
96214
96215
96216
96217
96218
96219
96220
96221
96259
96263
96264
96265
96266
96267
96268
96269
96270
96271
96328
96329
96384
96385
96386
96387
96388
96389
96390
96391
96392
96450
96451
96452
96453
96454
96455
96456
96514
96531
96532
96533
96534
96535
96536
96537
96607
96608
96609
96610
96611
96612
96613
96614
96615
96616
96617
96618
96619
96620
96621
96622
96709
96710
96711
96712
96713
96714
96829
96830
96831
96832
96833
96834
96835
96836
96837
96838
96962
96963
96964
96965
96966
96967
96968
96969
96970
96971
96972
96973
96974
96975
96976
97092
97093
97094
97095
97096
97097
97098
97099
97100
97101
97102
97103
97104
97105
97106
97107
97108
97109
97239
97240
97241
97242
97243
97244
97245
97246
97247
97248
97249
97250
97251
97252
97253
97254
97255
97256
97257
97301
97414
97445
97467
97542
97548
97582
97627
97638
97644
97651
97656
97662
97666
97681
97690
97698
97720
97734
97744
97745
97754
97783
97828
97841
97842
97843
97853
97869
97870
97871
97884
97885
97912
97920
97922
97935
97949
97950
97951
97971
97972
98016
98017
98018
98019
98059
98060
98061
98062
98075
98076
98099
98114
98115
98116
98135
98156
98157
98182
98183
98184
98185
98186
98187
98216
98217
98218
98219
98220
98221
98246
98247
98248
98249
98268
98280
98281
98331
98332
98333
98334
98373
98374
98375
98376
98421
98425
98426
98427
98428
98478
98479
98480
98481
98482
98483
98484
98485
98486
98528
98529
98530
98531
98532
98533
98534
98535
98536
98547
98593
98594
98640
98649
98650
98651
98652
98653
98654
98655
98656
98657
98670
98715
98716
98717
98718
98719
98720
98721
98773
98796
98797
98798
98799
98800
98801
98802
98872
98873
98874
98875
98876
98877
98878
98879
98880
98881
98882
98883
98884
98885
98886
98887
98898
98937
98974
98975
98976
98977
98978
98979
99037
99094
99095
99096
99097
99098
99099
99100
99101
99102
99103
99104
99198
99199
99227
99228
99229
99230
99231
99232
99233
99234
99235
99236
99237
99238
99239
99240
99241
99357
99358
99359
99360
99361
99362
99363
99364
99365
99366
99367
99368
99369
99370
99371
99372
99373
99374
99376
99420
99504
99505
99506
99507
99508
99509
99510
99511
99512
99513
99514
99515
99516
99517
99518
99519
99520
99521
99522
99589
99594
99656
99679
99716
99807
99813
99847
99892
99903
99909
99916
99921
99927
99931
99946
99955
99963
99985
99999
100009
100010
100019
100048
100093
100106
100107
100108
100118
100134
100135
100136
100149
100150
100177
100187
100200
100214
100215
100216
100236
100237
100247
100281
100282
100283
100284
100324
100325
100326
100327
100340
100341
100379
100380
100381
100400
100414
100421
100422
100447
100448
100449
100450
100451
100452
100481
100482
100483
100484
100485
100486
100511
100512
100513
100514
100529
100545
100546
100596
100597
100598
100599
100618
100623
100638
100639
100640
100641
100690
100691
100692
100693
100740
100743
100744
100745
100746
100747
100748
100749
100750
100751
100754
100793
100794
100795
100796
100797
100798
100799
100800
100801
100814
100815
100816
100817
100840
100858
100859
100914
100915
100916
100917
100918
100919
100920
100921
100922
100934
100960
100980
100981
100982
100983
100984
100985
100986
101061
101062
101063
101064
101065
101066
101067
101137
101138
101139
101140
101141
101142
101143
101144
101145
101146
101147
101148
101149
101150
101151
101152
101239
101240
101241
101242
101243
101244
101359
101360
101361
101362
101363
101364
101365
101366
101367
101368
101492
101493
101494
101495
101496
101497
101498
101499
101500
101501
101502
101503
101504
101505
101506
101622
101623
101624
101625
101626
101627
101628
101629
101630
101631
101632
101633
101634
101635
101636
101637
101638
101639
101769
101770
101771
101772
101773
101774
101775
101776
101777
101778
101779
101780
101781
101782
101783
101784
101785
101786
101787
101944
102072
102078
102112
102157
102168
102174
102181
102186
102192
102196
102211
102220
102228
102250
102264
102274
102275
102284
102313
102358
102371
102372
102373
102383
102399
102400
102401
102414
102415
102442
102452
102465
102479
102480
102481
102501
102502
102546
102547
102548
102549
102589
102590
102591
102592
102605
102606
102644
102645
102646
102665
102686
102687
102712
102713
102714
102715
102716
102717
102746
102747
102748
102749
102750
102751
102776
102777
102778
102779
102810
102811
102861
102862
102863
102864
102903
102904
102905
102906
102955
102956
102957
102958
103008
103009
103010
103011
103012
103013
103014
103015
103016
103058
103059
103060
103061
103062
103063
103064
103065
103066
103123
103124
103179
103180
103181
103182
103183
103184
103185
103186
103187
103245
103246
103247
103248
103249
103250
103251
103326
103327
103328
103329
103330
103331
103332
103402
103403
103404
103405
103406
103407
103408
103409
103410
103411
103412
103413
103414
103415
103416
103417
103504
103505
103506
103507
103508
103509
103624
103625
103626
103627
103628
103629
103630
103631
103632
103633
103757
103758
103759
103760
103761
103762
103763
103764
103765
103766
103767
103768
103769
103770
103771
103887
103888
103889
103890
103891
103892
103893
103894
103895
103896
103897
103898
103899
103900
103901
103902
103903
103904
104034
104035
104036
104037
104038
104039
104040
104041
104042
104043
104044
104045
104046
104047
104048
104049
104050
104051
104052
104209
104337
104343
104377
104422
104433
104439
104446
104451
104457
104461
104476
104485
104493
104515
104529
104539
104540
104549
104578
104623
104636
104637
104638
104648
104664
104665
104666
104679
104680
104707
104717
104730
104744
104745
104746
104766
104767
104811
104812
104813
104814
104854
104855
104856
104857
104870
104871
104909
104910
104911
104930
104951
104952
104977
104978
104979
104980
104981
104982
105011
105012
105013
105014
105015
105016
105041
105042
105043
105044
105075
105076
105126
105127
105128
105129
105168
105169
105170
105171
105220
105221
105222
105223
105273
105274
105275
105276
105277
105278
105279
105280
105281
105323
105324
105325
105326
105327
105328
105329
105330
105331
105388
105389
105444
105445
105446
105447
105448
105449
105450
105451
105452
105510
105511
105512
105513
105514
105515
105516
105591
105592
105593
105594
105595
105596
105597
105667
105668
105669
105670
105671
105672
105673
105674
105675
105676
105677
105678
105679
105680
105681
105682
105769
105770
105771
105772
105773
105774
105889
105890
105891
105892
105893
105894
105895
105896
105897
105898
106022
106023
106024
106025
106026
106027
106028
106029
106030
106031
106032
106033
106034
106035
106036
106152
106153
106154
106155
106156
106157
106158
106159
106160
106161
106162
106163
106164
106165
106166
106167
106168
106169
106299
106300
106301
106302
106303
106304
106305
106306
106307
106308
106309
106310
106311
106312
106313
106314
106315
106316
106317
106474
106602
106608
106642
106687
106698
106704
106711
106716
106722
106726
106741
106750
106758
106780
106794
106804
106805
106814
106843
106888
106901
106902
106903
106913
106929
106930
106931
106944
106945
106972
106982
106995
107009
107010
107011
107031
107032
107076
107077
107078
107079
107119
107120
107121
107122
107135
107136
107174
107175
107176
107195
107216
107217
107242
107243
107244
107245
107246
107247
107276
107277
107278
107279
107280
107281
107306
107307
107308
107309
107340
107341
107391
107392
107393
107394
107433
107434
107435
107436
107485
107486
107487
107488
107538
107539
107540
107541
107542
107543
107544
107545
107546
107588
107589
107590
107591
107592
107593
107594
107595
107596
107653
107654
107709
107710
107711
107712
107713
107714
107715
107716
107717
107775
107776
107777
107778
107779
107780
107781
107856
107857
107858
107859
107860
107861
107862
107932
107933
107934
107935
107936
107937
107938
107939
107940
107941
107942
107943
107944
107945
107946
107947
108034
108035
108036
108037
108038
108039
108154
108155
108156
108157
108158
108159
108160
108161
108162
108163
108287
108288
108289
108290
108291
108292
108293
108294
108295
108296
108297
108298
108299
108300
108301
108417
108418
108419
108420
108421
108422
108423
108424
108425
108426
108427
108428
108429
108430
108431
108432
108433
108434
108564
108565
108566
108567
108568
108569
108570
108571
108572
108573
108574
108575
108576
108577
108578
108579
108580
108581
108582
108739
108867
108873
108907
108952
108963
108969
108976
108981
108987
108991
109006
109015
109023
109045
109059
109069
109070
109079
109108
109153
109166
109167
109168
109178
109194
109195
109196
109209
109210
109237
109247
109260
109274
109275
109276
109296
109297
109341
109342
109343
109344
109384
109385
109386
109387
109400
109401
109439
109440
109441
109460
109481
109482
109507
109508
109509
109510
109511
109512
109541
109542
109543
109544
109545
109546
109571
109572
109573
109574
109605
109606
109656
109657
109658
109659
109698
109699
109700
109701
109750
109751
109752
109753
109803
109804
109805
109806
109807
109808
109809
109810
109811
109853
109854
109855
109856
109857
109858
109859
109860
109861
109918
109919
109974
109975
109976
109977
109978
109979
109980
109981
109982
110040
110041
110042
110043
110044
110045
110046
110121
110122
110123
110124
110125
110126
110127
110197
110198
110199
110200
110201
110202
110203
110204
110205
110206
110207
110208
110209
110210
110211
110212
110299
110300
110301
110302
110303
110304
110419
110420
110421
110422
110423
110424
110425
110426
110427
110428
110552
110553
110554
110555
110556
110557
110558
110559
110560
110561
110562
110563
110564
110565
110566
110682
110683
110684
110685
110686
110687
110688
110689
110690
110691
110692
110693
110694
110695
110696
110697
110698
110699
110829
110830
110831
110832
110833
110834
110835
110836
110837
110838
110839
110840
110841
110842
110843
110844
110845
110846
110847
111004
111132
111138
111172
111217
111228
111234
111241
111246
111252
111256
111271
111280
111288
111310
111324
111334
111335
111344
111373
111418
111431
111432
111433
111443
111459
111460
111461
111474
111475
111502
111512
111525
111539
111540
111541
111561
111562
111606
111607
111608
111609
111649
111650
111651
111652
111665
111666
111704
111705
111706
111725
111746
111747
111772
111773
111774
111775
111776
111777
111806
111807
111808
111809
111810
111811
111836
111837
111838
111839
111870
111871
111921
111922
111923
111924
111963
111964
111965
111966
112015
112016
112017
112018
112068
112069
112070
112071
112072
112073
112074
112075
112076
112118
112119
112120
112121
112122
112123
112124
112125
112126
112183
112184
112239
112240
112241
112242
112243
112244
112245
112246
112247
112305
112306
112307
112308
112309
112310
112311
112386
112387
112388
112389
112390
112391
112392
112462
112463
112464
112465
112466
112467
112468
112469
112470
112471
112472
112473
112474
112475
112476
112477
112564
112565
112566
112567
112568
112569
112684
112685
112686
112687
112688
112689
112690
112691
112692
112693
112817
112818
112819
112820
112821
112822
112823
112824
112825
112826
112827
112828
112829
112830
112831
112947
112948
112949
112950
112951
112952
112953
112954
112955
112956
112957
112958
112959
112960
112961
112962
112963
112964
113094
113095
113096
113097
113098
113099
113100
113101
113102
113103
113104
113105
113106
113107
113108
113109
113110
113111
113112
113269
113397
113403
113437
113482
113493
113499
113506
113511
113517
113521
113536
113545
113553
113575
113589
113599
113600
113609
113638
113683
113696
113697
113698
113708
113724
113725
113726
113739
113740
113767
113777
113790
113804
113805
113806
113826
113827
113871
113872
113873
113874
113914
113915
113916
113917
113930
113931
113969
113970
113971
113990
114011
114012
114037
114038
114039
114040
114041
114042
114071
114072
114073
114074
114075
114076
114101
114102
114103
114104
114135
114136
114186
114187
114188
114189
114228
114229
114230
114231
114280
114281
114282
114283
114333
114334
114335
114336
114337
114338
114339
114340
114341
114383
114384
114385
114386
114387
114388
114389
114390
114391
114448
114449
114504
114505
114506
114507
114508
114509
114510
114511
114512
114570
114571
114572
114573
114574
114575
114576
114651
114652
114653
114654
114655
114656
114657
114727
114728
114729
114730
114731
114732
114733
114734
114735
114736
114737
114738
114739
114740
114741
114742
114829
114830
114831
114832
114833
114834
114949
114950
114951
114952
114953
114954
114955
114956
114957
114958
115082
115083
115084
115085
115086
115087
115088
115089
115090
115091
115092
115093
115094
115095
115096
115212
115213
115214
115215
115216
115217
115218
115219
115220
115221
115222
115223
115224
115225
115226
115227
115228
115229
115359
115360
115361
115362
115363
115364
115365
115366
115367
115368
115369
115370
115371
115372
115373
115374
115375
115376
115377
115534
115662
115668
115702
115747
115758
115764
115771
115776
115782
115786
115801
115810
115818
115840
115854
115864
115865
115874
115903
115948
115961
115962
115963
115973
115989
115990
115991
116004
116005
116032
116042
116055
116069
116070
116071
116091
116092
116136
116137
116138
116139
116179
116180
116181
116182
116195
116196
116234
116235
116236
116255
116276
116277
116302
116303
116304
116305
116306
116307
116336
116337
116338
116339
116340
116341
116366
116367
116368
116369
116400
116401
116451
116452
116453
116454
116493
116494
116495
116496
116545
116546
116547
116548
116598
116599
116600
116601
116602
116603
116604
116605
116606
116648
116649
116650
116651
116652
116653
116654
116655
116656
116713
116714
116769
116770
116771
116772
116773
116774
116775
116776
116777
116835
116836
116837
116838
116839
116840
116841
116916
116917
116918
116919
116920
116921
116922
116992
116993
116994
116995
116996
116997
116998
116999
117000
117001
117002
117003
117004
117005
117006
117007
117094
117095
117096
117097
117098
117099
117214
117215
117216
117217
117218
117219
117220
117221
117222
117223
117347
117348
117349
117350
117351
117352
117353
117354
117355
117356
117357
117358
117359
117360
117361
117477
117478
117479
117480
117481
117482
117483
117484
117485
117486
117487
117488
117489
117490
117491
117492
117493
117494
117624
117625
117626
117627
117628
117629
117630
117631
117632
117633
117634
117635
117636
117637
117638
117639
117640
117641
117642
117799
117927
117933
117967
118012
118023
118029
118036
118041
118047
118051
118066
118075
118083
118105
118119
118129
118130
118139
118168
118213
118226
118227
118228
118238
118254
118255
118256
118269
118270
118297
118307
118320
118334
118335
118336
118356
118357
118401
118402
118403
118404
118444
118445
118446
118447
118460
118461
118499
118500
118501
118520
118541
118542
118567
118568
118569
118570
118571
118572
118601
118602
118603
118604
118605
118606
118631
118632
118633
118634
118665
118666
118716
118717
118718
118719
118758
118759
118760
118761
118810
118811
118812
118813
118863
118864
118865
118866
118867
118868
118869
118870
118871
118913
118914
118915
118916
118917
118918
118919
118920
118921
118978
118979
119034
119035
119036
119037
119038
119039
119040
119041
119042
119100
119101
119102
119103
119104
119105
119106
119181
119182
119183
119184
119185
119186
119187
119257
119258
119259
119260
119261
119262
119263
119264
119265
119266
119267
119268
119269
119270
119271
119272
119359
119360
119361
119362
119363
119364
119479
119480
119481
119482
119483
119484
119485
119486
119487
119488
119612
119613
119614
119615
119616
119617
119618
119619
119620
119621
119622
119623
119624
119625
119626
119742
119743
119744
119745
119746
119747
119748
119749
119750
119751
119752
119753
119754
119755
119756
119757
119758
119759
119889
119890
119891
119892
119893
119894
119895
119896
119897
119898
119899
119900
119901
119902
119903
119904
119905
119906
119907
120064
120192
120198
120232
120277
120288
120294
120301
120306
120312
120316
120331
120340
120348
120370
120384
120394
120395
120404
120433
120478
120491
120492
120493
120503
120519
120520
120521
120534
120535
120562
120572
120585
120599
120600
120601
120621
120622
120666
120667
120668
120669
120709
120710
120711
120712
120725
120726
120764
120765
120766
120785
120806
120807
120832
120833
120834
120835
120836
120837
120866
120867
120868
120869
120870
120871
120896
120897
120898
120899
120930
120931
120981
120982
120983
120984
121023
121024
121025
121026
121075
121076
121077
121078
121128
121129
121130
121131
121132
121133
121134
121135
121136
121178
121179
121180
121181
121182
121183
121184
121185
121186
121243
121244
121299
121300
121301
121302
121303
121304
121305
121306
121307
121365
121366
121367
121368
121369
121370
121371
121446
121447
121448
121449
121450
121451
121452
121522
121523
121524
121525
121526
121527
121528
121529
121530
121531
121532
121533
121534
121535
121536
121537
121624
121625
121626
121627
121628
121629
121744
121745
121746
121747
121748
121749
121750
121751
121752
121753
121877
121878
121879
121880
121881
121882
121883
121884
121885
121886
121887
121888
121889
121890
121891
122007
122008
122009
122010
122011
122012
122013
122014
122015
122016
122017
122018
122019
122020
122021
122022
122023
122024
122154
122155
122156
122157
122158
122159
122160
122161
122162
122163
122164
122165
122166
122167
122168
122169
122170
122171
122172
122329
122457
122463
122497
122542
122553
122559
122566
122571
122577
122581
122596
122605
122613
122635
122649
122659
122660
122669
122698
122743
122756
122757
122758
122768
122784
122785
122786
122799
122800
122827
122837
122850
122864
122865
122866
122886
122887
122931
122932
122933
122934
122974
122975
122976
122977
122990
122991
123029
123030
123031
123050
123071
123072
123097
123098
123099
123100
123101
123102
123131
123132
123133
123134
123135
123136
123161
123162
123163
123164
123195
123196
123246
123247
123248
123249
123288
123289
123290
123291
123340
123341
123342
123343
123393
123394
123395
123396
123397
123398
123399
123400
123401
123443
123444
123445
123446
123447
123448
123449
123450
123451
123508
123509
123564
123565
123566
123567
123568
123569
123570
123571
123572
123630
123631
123632
123633
123634
123635
123636
123711
123712
123713
123714
123715
123716
123717
123787
123788
123789
123790
123791
123792
123793
123794
123795
123796
123797
123798
123799
123800
123801
123802
123889
123890
123891
123892
123893
123894
124009
124010
124011
124012
124013
124014
124015
124016
124017
124018
124142
124143
124144
124145
124146
124147
124148
124149
124150
124151
124152
124153
124154
124155
124156
124272
124273
124274
124275
124276
124277
124278
124279
124280
124281
124282
124283
124284
124285
124286
124287
124288
124289
124419
124420
124421
124422
124423
124424
124425
124426
124427
124428
124429
124430
124431
124432
124433
124434
124435
124436
124437
124594
124722
124728
124762
124807
124818
124824
124831
124836
124842
124846
124861
124870
124878
124900
124914
124924
124925
124934
124963
125008
125021
125022
125023
125033
125049
125050
125051
125064
125065
125092
125102
125115
125129
125130
125131
125151
125152
125196
125197
125198
125199
125239
125240
125241
125242
125255
125256
125294
125295
125296
125315
125336
125337
125362
125363
125364
125365
125366
125367
125396
125397
125398
125399
125400
125401
125426
125427
125428
125429
125460
125461
125511
125512
125513
125514
125553
125554
125555
125556
125605
125606
125607
125608
125658
125659
125660
125661
125662
125663
125664
125665
125666
125708
125709
125710
125711
125712
125713
125714
125715
125716
125773
125774
125829
125830
125831
125832
125833
125834
125835
125836
125837
125895
125896
125897
125898
125899
125900
125901
125976
125977
125978
125979
125980
125981
125982
126052
126053
126054
126055
126056
126057
126058
126059
126060
126061
126062
126063
126064
126065
126066
126067
126154
126155
126156
126157
126158
126159
126274
126275
126276
126277
126278
126279
126280
126281
126282
126283
126407
126408
126409
126410
126411
126412
126413
126414
126415
126416
126417
126418
126419
126420
126421
126537
126538
126539
126540
126541
126542
126543
126544
126545
126546
126547
126548
126549
126550
126551
126552
126553
126554
126684
126685
126686
126687
126688
126689
126690
126691
126692
126693
126694
126695
126696
126697
126698
126699
126700
126701
126702
126859
126987
126993
127027
127072
127083
127089
127096
127101
127107
127111
127126
127135
127143
127165
127179
127189
127190
127199
127228
127273
127286
127287
127288
127298
127314
127315
127316
127329
127330
127357
127367
127380
127394
127395
127396
127416
127417
127461
127462
127463
127464
127504
127505
127506
127507
127520
127521
127559
127560
127561
127580
127601
127602
127627
127628
127629
127630
127631
127632
127661
127662
127663
127664
127665
127666
127691
127692
127693
127694
127725
127726
127776
127777
127778
127779
127818
127819
127820
127821
127870
127871
127872
127873
127923
127924
127925
127926
127927
127928
127929
127930
127931
127973
127974
127975
127976
127977
127978
127979
127980
127981
128038
128039
128094
128095
128096
128097
128098
128099
128100
128101
128102
128160
128161
128162
128163
128164
128165
128166
128241
128242
128243
128244
128245
128246
128247
128317
128318
128319
128320
128321
128322
128323
128324
128325
128326
128327
128328
128329
128330
128331
128332
128419
128420
128421
128422
128423
128424
128539
128540
128541
128542
128543
128544
128545
128546
128547
128548
128672
128673
128674
128675
128676
128677
128678
128679
128680
128681
128682
128683
128684
128685
128686
128802
128803
128804
128805
128806
128807
128808
128809
128810
128811
128812
128813
128814
128815
128816
128817
128818
128819
128949
128950
128951
128952
128953
128954
128955
128956
128957
128958
128959
128960
128961
128962
128963
128964
128965
128966
128967
129124
129252
129258
129292
129337
129348
129354
129361
129366
129372
129376
129391
129400
129408
129430
129444
129454
129455
129464
129493
129538
129551
129552
129553
129563
129579
129580
129581
129594
129595
129622
129632
129645
129659
129660
129661
129681
129682
129726
129727
129728
129729
129769
129770
129771
129772
129785
129786
129824
129825
129826
129845
129866
129867
129892
129893
129894
129895
129896
129897
129926
129927
129928
129929
129930
129931
129956
129957
129958
129959
129990
129991
130041
130042
130043
130044
130083
130084
130085
130086
130135
130136
130137
130138
130188
130189
130190
130191
130192
130193
130194
130195
130196
130238
130239
130240
130241
130242
130243
130244
130245
130246
130303
130304
130359
130360
130361
130362
130363
130364
130365
130366
130367
130425
130426
130427
130428
130429
130430
130431
130506
130507
130508
130509
130510
130511
130512
130582
130583
130584
130585
130586
130587
130588
130589
130590
130591
130592
130593
130594
130595
130596
130597
130684
130685
130686
130687
130688
130689
130804
130805
130806
130807
130808
130809
130810
130811
130812
130813
130937
130938
130939
130940
130941
130942
130943
130944
130945
130946
130947
130948
130949
130950
130951
131067
131068
131069
131070
131071
131072
131073
131074
131075
131076
131077
131078
131079
131080
131081
131082
131083
131084
131214
131215
131216
131217
131218
131219
131220
131221
131222
131223
131224
131225
131226
131227
131228
131229
131230
131231
131232
131389
131517
131523
131557
131602
131613
131619
131626
131631
131637
131641
131656
131665
131673
131695
131709
131719
131720
131729
131758
131803
131816
131817
131818
131828
131844
131845
131846
131859
131860
131887
131897
131910
131924
131925
131926
131946
131947
131991
131992
131993
131994
132034
132035
132036
132037
132050
132051
132089
132090
132091
132110
132131
132132
132157
132158
132159
132160
132161
132162
132191
132192
132193
132194
132195
132196
132221
132222
132223
132224
132255
132256
132306
132307
132308
132309
132348
132349
132350
132351
132400
132401
132402
132403
132453
132454
132455
132456
132457
132458
132459
132460
132461
132503
132504
132505
132506
132507
132508
132509
132510
132511
132568
132569
132624
132625
132626
132627
132628
132629
132630
132631
132632
132690
132691
132692
132693
132694
132695
132696
132771
132772
132773
132774
132775
132776
132777
132847
132848
132849
132850
132851
132852
132853
132854
132855
132856
132857
132858
132859
132860
132861
132862
132949
132950
132951
132952
132953
132954
133069
133070
133071
133072
133073
133074
133075
133076
133077
133078
133202
133203
133204
133205
133206
133207
133208
133209
133210
133211
133212
133213
133214
133215
133216
133332
133333
133334
133335
133336
133337
133338
133339
133340
133341
133342
133343
133344
133345
133346
133347
133348
133349
133479
133480
133481
133482
133483
133484
133485
133486
133487
133488
133489
133490
133491
133492
133493
133494
133495
133496
133497
133654
133782
133788
133822
133867
133878
133884
133891
133896
133902
133906
133921
133930
133938
133960
133974
133984
133985
133994
134023
134068
134081
134082
134083
134093
134109
134110
134111
134124
134125
134152
134162
134175
134189
134190
134191
134211
134212
134256
134257
134258
134259
134299
134300
134301
134302
134315
134316
134354
134355
134356
134375
134396
134397
134422
134423
134424
134425
134426
134427
134456
134457
134458
134459
134460
134461
134486
134487
134488
134489
134520
134521
134571
134572
134573
134574
134613
134614
134615
134616
134665
134666
134667
134668
134718
134719
134720
134721
134722
134723
134724
134725
134726
134768
134769
134770
134771
134772
134773
134774
134775
134776
134833
134834
134889
134890
134891
134892
134893
134894
134895
134896
134897
134955
134956
134957
134958
134959
134960
134961
135036
135037
135038
135039
135040
135041
135042
135112
135113
135114
135115
135116
135117
135118
135119
135120
135121
135122
135123
135124
135125
135126
135127
135214
135215
135216
135217
135218
135219
135334
135335
135336
135337
135338
135339
135340
135341
135342
135343
135467
135468
135469
135470
135471
135472
135473
135474
135475
135476
135477
135478
135479
135480
135481
135597
135598
135599
135600
135601
135602
135603
135604
135605
135606
135607
135608
135609
135610
135611
135612
135613
135614
135744
135745
135746
135747
135748
135749
135750
135751
135752
135753
135754
135755
135756
135757
135758
135759
135760
135761
135762
135919
136047
136053
136087
136132
136143
136149
136156
136161
136167
136171
136186
136195
136203
136225
136239
136249
136250
136259
136288
136333
136346
136347
136348
136358
136374
136375
136376
136389
136390
136417
136427
136440
136454
136455
136456
136476
136477
136521
136522
136523
136524
136564
136565
136566
136567
136580
136581
136619
136620
136621
136640
136661
136662
136687
136688
136689
136690
136691
136692
136721
136722
136723
136724
136725
136726
136751
136752
136753
136754
136785
136786
136836
136837
136838
136839
136878
136879
136880
136881
136930
136931
136932
136933
136983
136984
136985
136986
136987
136988
136989
136990
136991
137033
137034
137035
137036
137037
137038
137039
137040
137041
137098
137099
137154
137155
137156
137157
137158
137159
137160
137161
137162
137220
137221
137222
137223
137224
137225
137226
137301
137302
137303
137304
137305
137306
137307
137377
137378
137379
137380
137381
137382
137383
137384
137385
137386
137387
137388
137389
137390
137391
137392
137479
137480
137481
137482
137483
137484
137599
137600
137601
137602
137603
137604
137605
137606
137607
137608
137732
137733
137734
137735
137736
137737
137738
137739
137740
137741
137742
137743
137744
137745
137746
137862
137863
137864
137865
137866
137867
137868
137869
137870
137871
137872
137873
137874
137875
137876
137877
137878
137879
138009
138010
138011
138012
138013
138014
138015
138016
138017
138018
138019
138020
138021
138022
138023
138024
138025
138026
138027
138184
138312
138318
138352
138397
138408
138414
138421
138426
138432
138436
138451
138460
138468
138490
138504
138514
138515
138524
138553
138598
138611
138612
138613
138623
138639
138640
138641
138654
138655
138682
138692
138705
138719
138720
138721
138741
138742
138786
138787
138788
138789
138829
138830
138831
138832
138845
138846
138884
138885
138886
138905
138926
138927
138952
138953
138954
138955
138956
138957
138986
138987
138988
138989
138990
138991
139016
139017
139018
139019
139050
139051
139101
139102
139103
139104
139143
139144
139145
139146
139195
139196
139197
139198
139248
139249
139250
139251
139252
139253
139254
139255
139256
139298
139299
139300
139301
139302
139303
139304
139305
139306
139363
139364
139419
139420
139421
139422
139423
139424
139425
139426
139427
139485
139486
139487
139488
139489
139490
139491
139566
139567
139568
139569
139570
139571
139572
139642
139643
139644
139645
139646
139647
139648
139649
139650
139651
139652
139653
139654
139655
139656
139657
139744
139745
139746
139747
139748
139749
139864
139865
139866
139867
139868
139869
139870
139871
139872
139873
139997
139998
139999
140000
140001
140002
140003
140004
140005
140006
140007
140008
140009
140010
140011
140127
140128
140129
140130
140131
140132
140133
140134
140135
140136
140137
140138
140139
140140
140141
140142
140143
140144
140274
140275
140276
140277
140278
140279
140280
140281
140282
140283
140284
140285
140286
140287
140288
140289
140290
140291
140292
140449
140577
140583
140617
140662
140673
140679
140686
140691
140697
140701
140716
140725
140733
140755
140769
140779
140780
140789
140818
140863
140876
140877
140878
140888
140904
140905
140906
140919
140920
140947
140957
140970
140984
140985
140986
141006
141007
141051
141052
141053
141054
141094
141095
141096
141097
141110
141111
141149
141150
141151
141170
141191
141192
141217
141218
141219
141220
141221
141222
141251
141252
141253
141254
141255
141256
141281
141282
141283
141284
141315
141316
141366
141367
141368
141369
141408
141409
141410
141411
141460
141461
141462
141463
141513
141514
141515
141516
141517
141518
141519
141520
141521
141563
141564
141565
141566
141567
141568
141569
141570
141571
141628
141629
141684
141685
141686
141687
141688
141689
141690
141691
141692
141750
141751
141752
141753
141754
141755
141756
141831
141832
141833
141834
141835
141836
141837
141907
141908
141909
141910
141911
141912
141913
141914
141915
141916
141917
141918
141919
141920
141921
141922
142009
142010
142011
142012
142013
142014
142129
142130
142131
142132
142133
142134
142135
142136
142137
142138
142262
142263
142264
142265
142266
142267
142268
142269
142270
142271
142272
142273
142274
142275
142276
142392
142393
142394
142395
142396
142397
142398
142399
142400
142401
142402
142403
142404
142405
142406
142407
142408
142409
142539
142540
142541
142542
142543
142544
142545
142546
142547
142548
142549
142550
142551
142552
142553
142554
142555
142556
142557
142714
142842
142848
142882
142927
142938
142944
142951
142956
142962
142966
142981
142990
142998
143020
143034
143044
143045
143054
143083
143128
143141
143142
143143
143153
143169
143170
143171
143184
143185
143212
143222
143235
143249
143250
143251
143271
143272
143316
143317
143318
143319
143359
143360
143361
143362
143375
143376
143414
143415
143416
143435
143456
143457
143482
143483
143484
143485
143486
143487
143516
143517
143518
143519
143520
143521
143546
143547
143548
143549
143580
143581
143631
143632
143633
143634
143673
143674
143675
143676
143725
143726
143727
143728
143778
143779
143780
143781
143782
143783
143784
143785
143786
143828
143829
143830
143831
143832
143833
143834
143835
143836
143893
143894
143949
143950
143951
143952
143953
143954
143955
143956
143957
144015
144016
144017
144018
144019
144020
144021
144096
144097
144098
144099
144100
144101
144102
144172
144173
144174
144175
144176
144177
144178
144179
144180
144181
144182
144183
144184
144185
144186
144187
144274
144275
144276
144277
144278
144279
144394
144395
144396
144397
144398
144399
144400
144401
144402
144403
144527
144528
144529
144530
144531
144532
144533
144534
144535
144536
144537
144538
144539
144540
144541
144657
144658
144659
144660
144661
144662
144663
144664
144665
144666
144667
144668
144669
144670
144671
144672
144673
144674
144804
144805
144806
144807
144808
144809
144810
144811
144812
144813
144814
144815
144816
144817
144818
144819
144820
144821
144822
144979
145107
145113
145147
145192
145203
145209
145216
145221
145227
145231
145246
145255
145263
145285
145299
145309
145310
145319
145348
145393
145406
145407
145408
145418
145434
145435
145436
145449
145450
145477
145487
145500
145514
145515
145516
145536
145537
145581
145582
145583
145584
145624
145625
145626
145627
145640
145641
145679
145680
145681
145700
145721
145722
145747
145748
145749
145750
145751
145752
145781
145782
145783
145784
145785
145786
145811
145812
145813
145814
145845
145846
145896
145897
145898
145899
145938
145939
145940
145941
145990
145991
145992
145993
146043
146044
146045
146046
146047
146048
146049
146050
146051
146093
146094
146095
146096
146097
146098
146099
146100
146101
146158
146159
146214
146215
146216
146217
146218
146219
146220
146221
146222
146280
146281
146282
146283
146284
146285
146286
146361
146362
146363
146364
146365
146366
146367
146437
146438
146439
146440
146441
146442
146443
146444
146445
146446
146447
146448
146449
146450
146451
146452
146539
146540
146541
146542
146543
146544
146659
146660
146661
146662
146663
146664
146665
146666
146667
146668
146792
146793
146794
146795
146796
146797
146798
146799
146800
146801
146802
146803
146804
146805
146806
146922
146923
146924
146925
146926
146927
146928
146929
146930
146931
146932
146933
146934
146935
146936
146937
146938
146939
147069
147070
147071
147072
147073
147074
147075
147076
147077
147078
147079
147080
147081
147082
147083
147084
147085
147086
147087
147244
147372
147378
147412
147457
147468
147474
147481
147486
147492
147496
147511
147520
147528
147550
147564
147574
147575
147584
147613
147658
147671
147672
147673
147683
147699
147700
147701
147714
147715
147742
147752
147765
147779
147780
147781
147801
147802
147846
147847
147848
147849
147889
147890
147891
147892
147905
147906
147944
147945
147946
147965
147986
147987
148012
148013
148014
148015
148016
148017
148046
148047
148048
148049
148050
148051
148076
148077
148078
148079
148110
148111
148161
148162
148163
148164
148203
148204
148205
148206
148255
148256
148257
148258
148308
148309
148310
148311
148312
148313
148314
148315
148316
148358
148359
148360
148361
148362
148363
148364
148365
148366
148423
148424
148479
148480
148481
148482
148483
148484
148485
148486
148487
148545
148546
148547
148548
148549
148550
148551
148626
148627
148628
148629
148630
148631
148632
148702
148703
148704
148705
148706
148707
148708
148709
148710
148711
148712
148713
148714
148715
148716
148717
148804
148805
148806
148807
148808
148809
148924
148925
148926
148927
148928
148929
148930
148931
148932
148933
149057
149058
149059
149060
149061
149062
149063
149064
149065
149066
149067
149068
149069
149070
149071
149187
149188
149189
149190
149191
149192
149193
149194
149195
149196
149197
149198
149199
149200
149201
149202
149203
149204
149334
149335
149336
149337
149338
149339
149340
149341
149342
149343
149344
149345
149346
149347
149348
149349
149350
149351
149352
149509
149637
149643
149677
149722
149733
149739
149746
149751
149757
149761
149776
149785
149793
149815
149829
149839
149840
149849
149878
149923
149936
149937
149938
149948
149964
149965
149966
149979
149980
150007
150017
150030
150044
150045
150046
150066
150067
150111
150112
150113
150114
150154
150155
150156
150157
150170
150171
150209
150210
150211
150230
150251
150252
150277
150278
150279
150280
150281
150282
150311
150312
150313
150314
150315
150316
150341
150342
150343
150344
150375
150376
150426
150427
150428
150429
150468
150469
150470
150471
150520
150521
150522
150523
150573
150574
150575
150576
150577
150578
150579
150580
150581
150623
150624
150625
150626
150627
150628
150629
150630
150631
150688
150689
150744
150745
150746
150747
150748
150749
150750
150751
150752
150810
150811
150812
150813
150814
150815
150816
150891
150892
150893
150894
150895
150896
150897
150967
150968
150969
150970
150971
150972
150973
150974
150975
150976
150977
150978
150979
150980
150981
150982
151069
151070
151071
151072
151073
151074
151189
151190
151191
151192
151193
151194
151195
151196
151197
151198
151322
151323
151324
151325
151326
151327
151328
151329
151330
151331
151332
151333
151334
151335
151336
151452
151453
151454
151455
151456
151457
151458
151459
151460
151461
151462
151463
151464
151465
151466
151467
151468
151469
151599
151600
151601
151602
151603
151604
151605
151606
151607
151608
151609
151610
151611
151612
151613
151614
151615
151616
151617
151774
151902
151908
151942
151987
151998
152004
152011
152016
152022
152026
152041
152050
152058
152080
152094
152104
152105
152114
152143
152188
152201
152202
152203
152213
152229
152230
152231
152244
152245
152272
152282
152295
152309
152310
152311
152331
152332
152376
152377
152378
152379
152419
152420
152421
152422
152435
152436
152474
152475
152476
152495
152516
152517
152542
152543
152544
152545
152546
152547
152576
152577
152578
152579
152580
152581
152606
152607
152608
152609
152640
152641
152691
152692
152693
152694
152733
152734
152735
152736
152785
152786
152787
152788
152838
152839
152840
152841
152842
152843
152844
152845
152846
152888
152889
152890
152891
152892
152893
152894
152895
152896
152953
152954
153009
153010
153011
153012
153013
153014
153015
153016
153017
153075
153076
153077
153078
153079
153080
153081
153156
153157
153158
153159
153160
153161
153162
153232
153233
153234
153235
153236
153237
153238
153239
153240
153241
153242
153243
153244
153245
153246
153247
153334
153335
153336
153337
153338
153339
153454
153455
153456
153457
153458
153459
153460
153461
153462
153463
153587
153588
153589
153590
153591
153592
153593
153594
153595
153596
153597
153598
153599
153600
153601
153717
153718
153719
153720
153721
153722
153723
153724
153725
153726
153727
153728
153729
153730
153731
153732
153733
153734
153864
153865
153866
153867
153868
153869
153870
153871
153872
153873
153874
153875
153876
153877
153878
153879
153880
153881
153882
154039
154167
154173
154207
154252
154263
154269
154276
154281
154287
154291
154306
154315
154323
154345
154359
154369
154370
154379
154408
154453
154466
154467
154468
154478
154494
154495
154496
154509
154510
154537
154547
154560
154574
154575
154576
154596
154597
154641
154642
154643
154644
154684
154685
154686
154687
154700
154701
154739
154740
154741
154760
154781
154782
154807
154808
154809
154810
154811
154812
154841
154842
154843
154844
154845
154846
154871
154872
154873
154874
154905
154906
154956
154957
154958
154959
154998
154999
155000
155001
155050
155051
155052
155053
155103
155104
155105
155106
155107
155108
155109
155110
155111
155153
155154
155155
155156
155157
155158
155159
155160
155161
155218
155219
155274
155275
155276
155277
155278
155279
155280
155281
155282
155340
155341
155342
155343
155344
155345
155346
155421
155422
155423
155424
155425
155426
155427
155497
155498
155499
155500
155501
155502
155503
155504
155505
155506
155507
155508
155509
155510
155511
155512
155599
155600
155601
155602
155603
155604
155719
155720
155721
155722
155723
155724
155725
155726
155727
155728
155852
155853
155854
155855
155856
155857
155858
155859
155860
155861
155862
155863
155864
155865
155866
155982
155983
155984
155985
155986
155987
155988
155989
155990
155991
155992
155993
155994
155995
155996
155997
155998
155999
156129
156130
156131
156132
156133
156134
156135
156136
156137
156138
156139
156140
156141
156142
156143
156144
156145
156146
156147
156304
156432
156438
156472
156517
156528
156534
156541
156546
156552
156556
156571
156580
156588
156610
156624
156634
156635
156644
156673
156718
156731
156732
156733
156743
156759
156760
156761
156774
156775
156802
156812
156825
156839
156840
156841
156861
156862
156906
156907
156908
156909
156949
156950
156951
156952
156965
156966
157004
157005
157006
157025
157046
157047
157072
157073
157074
157075
157076
157077
157106
157107
157108
157109
157110
157111
157136
157137
157138
157139
157170
157171
